10000 7200
19 54 21
23 19 41
12 0 0
8 23 10
6 22 8
21 34 10
10 16 47
16 38 18
13 25 51
7 51 43
13 44 58
15 53 4
20 51 14
10 56 10
19 21 7
0 5 5
8 5 20
7 44 47
7 26 2
1 14 51
15 42 43
23 5 35
10 5 7
7 29 45
17 2 20
20 24 3
9 50 19
6 57 25
12 25 0
8 44 40
19 42 18
17 33 18
17 30 29
19 24 56
5 21 25
23 17 15
0 55 30
13 27 20
12 26 46
7 57 17
7 35 31
8 11 53
21 43 37
7 18 28
6 20 53
2 31 44
14 11 40
23 21 52
22 15 22
6 19 32
9 1 0
4 45 46
3 7 18
3 23 41
16 58 24
11 30 30
11 52 26
14 14 39
4 51 34
4 39 41
10 3 46
13 1 50
22 25 5
3 9 35
16 38 45
8 58 41
7 31 37
20 12 41
11 4 30
4 22 35
3 24 26
22 50 2
12 1 17
5 38 38
22 4 51
16 38 48
5 32 15
1 4 49
5 32 54
22 42 54
9 48 21
13 25 56
7 4 25
20 20 18
19 46 35
9 40 44
17 21 45
1 4 26
2 43 38
17 55 37
18 50 16
6 7 26
10 22 36
17 3 18
13 28 36
22 3 13
9 37 24
21 45 15
14 48 54
15 42 14
13 35 56
22 50 38
6 35 40
15 5 27
1 8 21
12 27 38
1 7 25
14 58 0
21 32 45
1 12 13
4 55 57
17 47 24
23 30 11
23 0 29
15 50 20
19 6 55
3 25 52
5 20 25
6 40 8
6 14 9
15 10 47
10 37 36
21 48 34
10 9 46
9 52 17
7 12 44
19 17 14
8 36 1
16 35 54
21 43 14
23 5 1
18 33 38
12 16 8
18 57 16
7 40 19
18 33 38
3 0 55
23 52 45
3 11 47
20 36 16
16 20 23
23 33 8
10 48 19
3 19 56
22 33 1
14 42 57
11 41 36
10 15 33
23 11 15
22 22 39
2 50 26
23 39 50
22 27 16
6 47 46
9 29 55
3 29 2
8 19 47
23 56 4
3 3 17
2 52 21
7 0 46
22 10 33
12 51 48
1 2 50
12 38 7
9 28 34
7 41 52
5 57 10
9 46 38
13 42 41
12 23 30
22 44 44
10 42 49
21 32 35
12 8 51
11 25 11
22 54 9
4 46 56
13 31 9
9 1 0
12 4 55
14 58 15
7 47 39
8 2 18
13 10 22
4 11 54
18 34 8
0 40 22
13 18 1
18 58 17
4 12 57
4 21 52
1 22 53
8 37 48
7 51 49
2 54 23
10 12 41
15 56 55
6 55 26
14 12 12
9 24 28
21 42 28
9 22 27
18 22 45
11 36 53
11 16 52
0 18 46
20 40 12
8 26 40
18 10 10
17 22 22
17 32 52
17 31 0
13 16 56
23 43 0
7 54 43
21 59 5
17 50 38
2 16 16
22 23 38
11 20 32
22 9 13
10 3 21
7 11 31
0 40 36
19 42 11
3 7 6
10 49 30
23 49 1
1 22 21
19 29 59
8 36 20
18 16 40
12 44 24
6 19 19
15 51 6
8 43 17
15 45 3
10 5 43
4 39 8
17 18 16
9 30 47
1 45 15
12 21 26
14 16 13
5 22 45
16 13 34
2 5 3
1 37 33
6 8 7
23 25 3
6 57 42
21 27 42
19 22 24
2 8 1
4 45 58
1 26 47
21 58 13
7 13 27
2 2 43
3 53 23
16 56 14
14 1 26
8 18 18
6 49 1
20 47 37
23 38 56
6 52 3
13 38 0
2 15 21
18 22 9
5 45 50
2 55 32
23 30 43
6 0 39
22 9 4
15 37 38
18 25 42
23 25 1
0 44 33
0 21 2
12 36 7
17 12 57
15 49 37
11 51 28
16 5 2
13 19 21
21 54 12
18 36 13
6 55 16
2 28 39
4 12 50
10 16 52
18 55 4
23 15 30
21 55 12
6 3 25
22 56 21
23 35 45
14 44 53
12 32 55
23 48 7
22 38 21
19 15 57
15 40 1
15 5 15
14 55 42
10 15 30
6 33 4
9 16 47
9 50 20
1 15 41
9 42 10
15 54 4
18 11 26
3 0 43
1 26 53
5 19 44
5 56 56
14 56 36
1 9 59
7 28 33
4 54 55
19 12 4
1 1 31
5 18 33
0 48 36
23 4 45
5 53 55
4 59 10
0 52 0
19 19 44
22 50 58
13 2 48
20 6 32
5 30 34
11 27 1
18 8 35
12 30 50
8 20 40
18 7 27
19 0 51
4 18 56
20 46 30
15 31 13
2 46 46
12 22 50
23 10 40
14 47 47
18 43 21
17 23 31
20 7 2
13 45 50
4 24 46
7 10 53
17 53 10
6 47 29
0 29 25
1 28 56
0 33 58
19 38 28
15 3 1
2 58 22
11 40 35
0 27 45
20 16 39
20 57 0
8 44 51
0 55 50
2 23 18
12 33 23
0 44 47
17 30 4
8 2 34
8 55 53
20 50 51
10 58 18
6 59 32
3 18 11
1 40 34
8 53 27
8 1 5
6 4 17
12 46 25
2 46 32
0 52 59
21 1 47
11 12 38
6 33 21
7 8 31
10 5 30
7 26 12
18 34 43
10 29 14
9 10 12
17 43 50
22 26 23
18 39 0
14 37 31
10 15 24
18 6 8
2 47 30
13 18 2
17 0 14
6 26 1
12 35 26
11 6 22
12 24 31
16 3 27
7 5 56
0 27 24
6 38 47
14 4 1
14 42 41
13 35 40
13 15 28
8 52 58
4 8 54
9 31 52
22 49 8
12 30 57
16 9 12
18 52 32
7 33 23
18 21 17
10 48 51
15 28 36
11 35 53
17 14 2
5 59 19
7 34 17
5 6 14
23 39 32
11 12 57
17 17 24
12 3 4
15 1 26
2 12 39
11 4 39
14 35 50
13 49 34
16 47 18
5 22 33
18 51 6
4 53 47
18 48 37
9 28 32
22 9 0
11 45 46
0 57 27
11 45 33
4 0 57
21 49 3
18 11 0
2 19 32
18 33 59
0 28 55
14 44 37
2 44 3
3 2 7
6 9 1
9 27 32
4 13 9
22 20 34
10 22 42
12 25 19
1 33 8
23 32 14
12 42 29
13 29 18
2 19 49
15 57 47
0 39 56
14 24 22
16 52 58
16 35 28
21 48 5
3 11 29
22 19 6
22 54 19
8 34 50
2 0 51
15 7 34
10 54 18
19 21 34
12 40 17
22 39 12
1 51 22
2 22 16
12 22 22
4 38 8
6 5 28
4 11 19
23 7 16
9 14 32
9 4 26
7 46 27
6 36 29
10 44 38
20 30 6
2 52 27
10 27 35
9 21 9
16 55 44
12 31 39
11 14 42
4 38 35
13 4 36
15 50 0
9 9 27
13 39 42
16 16 3
22 47 13
22 9 23
22 24 15
20 54 29
22 54 49
9 30 35
16 43 55
17 1 6
6 39 11
22 37 9
7 49 9
5 19 12
9 14 11
8 26 3
21 32 24
13 29 1
7 44 10
6 5 48
13 35 28
13 28 39
21 59 40
4 47 48
5 20 53
19 58 26
17 27 29
5 5 12
3 19 26
12 33 33
8 50 31
11 53 3
4 3 16
13 15 35
12 47 38
11 41 44
21 4 7
19 35 42
22 44 30
2 40 25
1 13 40
18 43 1
6 57 18
10 58 20
10 26 20
9 11 20
17 47 51
3 40 24
14 34 43
7 37 18
23 16 5
10 28 8
11 27 58
8 33 57
6 37 29
19 21 4
14 27 45
21 0 35
14 50 49
12 45 8
14 35 27
19 33 31
7 39 3
0 29 58
23 55 35
8 44 29
9 51 49
11 14 2
7 38 53
8 1 1
7 35 31
20 46 23
12 44 11
1 24 3
5 42 34
17 17 28
5 2 2
2 18 55
19 16 15
6 10 17
12 33 10
22 26 39
10 47 18
23 31 13
7 0 5
15 3 27
0 15 42
13 46 44
4 25 12
14 17 31
22 12 48
16 18 7
8 21 31
10 34 21
9 27 25
17 0 34
15 58 11
6 11 42
20 3 27
18 56 0
20 2 37
22 21 24
11 47 54
13 34 18
1 16 3
10 49 39
9 7 47
5 37 21
1 3 56
7 14 58
18 47 6
10 36 33
20 9 56
5 2 2
4 39 22
17 45 32
19 7 10
10 29 36
4 0 43
15 50 52
4 50 17
13 31 54
20 41 24
5 12 32
18 10 12
4 17 10
6 32 49
19 24 32
8 51 6
3 21 50
11 18 42
3 47 46
5 56 23
15 52 48
16 56 20
12 6 40
15 5 12
12 42 32
15 57 50
13 55 47
3 55 58
1 41 42
20 38 33
0 45 16
3 41 48
23 42 18
22 44 0
11 12 17
21 41 45
17 41 7
18 51 52
2 39 13
1 7 7
11 51 14
10 44 25
20 50 39
4 8 26
2 48 38
7 31 23
13 17 58
19 0 48
17 16 16
17 11 27
17 37 18
21 54 53
9 44 2
18 16 27
15 37 18
16 13 35
4 42 41
6 6 15
6 31 51
21 49 42
17 13 10
13 17 18
23 24 55
1 48 56
17 38 23
1 9 8
17 16 25
17 44 40
13 14 44
11 9 11
17 41 44
11 4 4
23 30 2
14 39 56
17 25 15
13 3 7
15 12 35
13 53 29
14 46 45
19 36 41
10 23 8
4 45 57
14 31 31
6 43 32
15 52 57
17 26 7
10 39 1
15 33 31
10 51 39
16 18 25
17 28 31
3 34 47
17 35 45
8 37 14
19 42 31
1 3 37
23 50 14
14 13 9
3 3 54
11 21 57
13 9 11
9 27 43
22 17 57
8 14 56
10 40 44
8 5 54
15 48 54
8 22 26
23 56 35
5 14 56
15 41 47
20 51 49
2 26 13
4 38 10
22 54 33
22 55 22
3 32 50
9 47 35
21 49 50
21 56 41
11 11 3
6 41 51
3 43 51
21 50 58
9 39 33
16 58 11
22 35 41
23 52 55
4 35 19
3 18 31
8 42 26
9 37 24
5 20 40
17 36 58
5 49 58
15 59 9
19 29 35
0 43 55
12 22 18
3 49 27
13 11 16
7 16 44
2 3 15
13 56 55
6 55 59
15 40 59
1 37 21
15 26 46
2 16 30
21 35 49
7 32 22
7 29 13
13 37 7
18 45 51
14 19 32
16 41 21
19 41 46
12 5 50
21 18 42
14 33 9
21 17 4
22 30 16
22 40 40
8 53 24
18 8 51
16 42 21
11 42 33
4 59 50
0 33 47
7 8 31
19 34 51
12 23 28
10 24 35
2 20 57
7 43 47
15 13 22
22 57 36
7 46 24
16 27 17
0 30 27
22 5 45
3 31 18
14 56 49
16 31 55
9 24 37
18 56 27
10 48 4
13 55 29
20 44 12
1 46 50
10 13 44
10 5 58
21 47 30
10 53 10
16 17 0
7 35 47
10 49 59
15 17 10
1 18 43
5 24 39
16 44 52
2 1 52
3 48 31
6 10 14
12 41 53
12 13 23
11 19 23
18 4 10
15 33 19
6 10 55
20 42 5
8 18 29
23 5 32
12 40 29
12 6 59
9 59 37
11 51 55
7 24 22
20 8 58
10 42 7
17 52 4
17 48 22
3 54 9
20 47 52
2 46 48
2 33 9
11 31 8
15 48 7
18 42 53
5 40 44
23 59 36
19 54 19
8 27 40
14 45 9
14 10 35
1 3 52
18 35 16
4 40 35
11 44 3
8 53 48
9 22 48
13 38 17
23 55 46
0 28 13
6 34 14
16 30 59
20 14 55
19 28 20
3 16 11
22 39 18
5 38 25
23 15 2
19 2 12
21 17 33
8 59 33
6 35 59
14 53 28
12 11 10
9 57 16
21 7 58
21 32 29
16 38 3
11 37 4
0 33 16
2 4 27
1 12 22
14 36 10
12 42 32
16 32 2
21 40 34
22 18 25
17 16 31
2 27 5
19 24 48
7 52 1
7 12 59
13 54 31
2 6 4
3 27 8
7 29 50
10 55 35
23 17 1
19 27 0
8 52 30
8 36 1
14 46 34
18 25 44
10 24 30
17 20 22
6 54 57
3 58 26
4 13 49
7 13 57
7 19 20
13 52 46
18 52 15
11 44 27
3 9 45
0 10 2
23 53 34
10 23 8
19 8 17
23 51 0
9 31 30
22 5 28
23 12 56
20 36 50
7 29 17
12 38 12
16 43 6
1 1 19
4 41 33
4 59 22
6 26 19
2 56 57
8 50 44
5 41 46
21 56 25
23 49 43
0 27 54
15 25 28
22 0 58
14 10 43
23 32 39
14 14 50
17 15 59
3 9 23
19 22 12
6 21 13
6 33 57
23 15 26
18 22 11
17 59 16
7 45 58
16 19 10
10 51 36
1 6 0
4 44 42
4 4 28
7 56 54
16 42 46
19 9 58
0 3 10
4 21 32
4 23 31
6 16 41
10 51 32
19 23 19
16 7 36
13 0 49
9 30 12
7 22 1
16 46 53
5 2 28
18 9 5
21 29 32
8 28 56
8 15 45
14 54 10
12 36 49
21 23 0
1 32 16
8 3 4
10 47 42
22 27 16
22 27 25
2 51 26
1 22 10
1 19 53
13 14 22
19 13 42
5 47 59
22 34 30
15 28 21
17 33 9
1 20 30
18 7 18
0 58 59
3 31 50
8 5 13
14 27 24
20 17 42
22 38 53
2 0 9
13 54 26
4 15 28
4 50 55
14 26 41
12 54 11
22 56 25
16 44 24
4 44 19
0 8 5
19 29 46
19 55 19
3 23 12
0 56 23
22 51 8
20 10 19
5 46 16
13 55 38
7 47 22
15 33 49
9 32 12
22 23 43
23 6 10
12 51 31
13 57 58
1 32 20
11 53 34
4 31 11
17 9 27
11 41 20
11 15 36
4 32 59
2 50 58
12 26 23
22 14 28
3 39 6
14 30 0
10 58 17
22 12 52
6 1 6
11 55 39
10 38 45
22 18 22
22 56 40
2 49 56
4 37 1
8 1 8
8 31 46
23 27 46
23 52 47
2 53 39
22 5 14
1 30 31
3 13 21
1 1 13
10 49 15
4 56 5
12 29 12
5 22 18
13 45 31
10 47 48
18 12 53
3 13 0
18 25 39
7 21 26
20 15 26
0 8 26
8 23 46
1 38 13
0 33 1
16 24 53
0 58 31
20 44 19
20 2 26
5 35 27
0 18 16
2 21 59
3 19 8
23 46 56
6 35 4
1 23 12
1 57 46
14 37 39
4 20 48
15 55 54
13 12 27
15 54 40
10 59 0
11 31 58
19 0 42
13 32 52
21 27 2
6 19 30
18 1 4
21 5 49
20 10 34
9 26 4
19 10 2
4 57 57
14 56 33
12 44 42
16 57 39
4 6 29
16 27 0
22 41 15
15 22 5
8 20 10
19 1 58
18 25 55
10 21 25
0 7 44
21 34 36
10 36 27
9 26 21
5 48 38
10 12 4
16 50 22
9 55 54
10 24 43
5 59 3
19 8 9
3 9 39
13 41 48
10 55 52
1 5 16
5 3 46
19 49 10
2 14 27
14 55 23
0 55 27
2 21 29
18 23 34
8 21 1
7 44 44
23 4 6
7 30 5
8 8 15
13 56 8
13 56 21
1 15 52
3 55 54
11 13 10
14 19 33
17 31 57
7 58 13
18 10 26
17 4 57
15 45 44
20 58 56
14 48 34
20 51 1
0 30 17
7 22 32
6 50 5
20 27 36
22 38 25
18 27 28
13 48 57
11 32 39
16 24 12
12 32 10
21 24 59
9 21 10
17 18 26
9 39 9
12 30 55
20 45 26
14 43 11
10 20 30
17 46 24
11 46 52
5 9 33
4 48 18
17 57 26
0 43 57
15 12 41
0 49 14
10 7 13
5 10 42
21 34 31
15 2 40
13 27 5
15 9 6
4 9 55
11 34 52
8 30 7
2 54 8
6 26 58
12 8 3
15 54 9
23 30 3
19 17 29
14 33 6
16 57 1
2 41 20
12 20 54
4 17 39
18 10 53
4 19 35
7 39 25
22 2 46
15 51 23
14 17 17
4 6 52
13 5 9
7 44 52
19 39 47
18 15 9
21 20 54
5 13 21
14 53 1
17 11 1
22 56 37
19 39 21
4 17 36
12 16 23
14 45 35
5 28 11
22 9 50
23 12 15
17 21 49
20 44 40
11 19 12
20 37 21
7 25 50
22 51 13
6 30 1
3 26 42
15 6 1
13 12 23
15 12 45
2 28 22
2 50 29
4 25 7
13 29 32
2 23 10
13 32 41
13 25 46
14 18 39
21 12 57
4 10 50
10 34 33
10 40 8
4 13 10
6 39 56
19 57 25
15 11 33
23 25 0
17 10 13
4 34 42
3 58 50
9 7 47
8 53 26
22 41 59
7 21 58
10 55 42
17 14 16
16 29 26
0 58 31
18 17 4
4 51 22
20 50 48
13 37 19
7 7 21
3 41 9
7 39 46
14 3 4
9 4 1
1 49 50
1 35 10
11 49 5
16 26 6
13 3 39
6 13 51
16 58 22
15 9 18
17 4 59
22 30 56
6 58 35
19 23 44
14 10 31
2 40 47
12 31 33
13 2 9
6 44 11
4 33 36
2 59 27
14 15 35
14 9 33
13 0 49
1 18 34
13 19 31
20 12 45
22 15 37
3 41 42
15 41 30
13 46 27
18 36 6
2 3 11
3 31 45
0 41 1
7 33 44
11 8 11
2 48 9
6 5 55
6 12 26
17 29 5
16 39 2
3 43 47
12 25 43
16 2 5
14 33 32
14 34 31
15 4 17
14 40 29
4 56 27
14 27 17
6 30 47
13 39 24
12 29 54
3 28 15
3 16 1
16 39 26
15 34 23
16 48 9
4 1 9
10 42 28
6 2 8
14 34 32
3 10 23
4 36 19
0 27 28
23 1 32
19 28 23
0 50 10
0 29 50
5 11 58
6 17 55
20 36 44
20 19 21
12 46 0
6 37 5
12 55 23
15 46 10
6 34 47
12 9 52
3 24 53
3 22 31
16 12 13
3 58 55
8 58 12
15 42 38
14 53 59
17 0 9
16 0 5
4 29 49
7 9 20
0 43 53
5 20 49
20 46 11
19 15 37
13 25 34
13 33 19
23 39 23
13 13 44
14 21 14
8 4 52
17 32 36
17 11 20
21 15 36
18 9 18
4 22 5
4 23 28
20 55 16
6 10 31
16 40 48
18 35 17
14 6 16
2 7 28
10 51 12
3 50 7
2 52 46
19 17 20
0 36 29
1 29 43
23 17 40
6 5 47
17 57 57
12 17 27
12 15 41
23 49 26
15 7 53
14 6 9
13 16 12
4 19 2
19 46 9
1 46 11
7 38 33
15 58 27
7 32 19
14 51 32
2 8 28
0 2 56
22 36 27
4 50 50
23 16 21
5 15 47
8 4 10
6 24 6
12 30 34
3 38 43
0 17 53
4 10 6
22 28 16
17 27 41
13 48 59
19 35 0
15 18 7
22 18 58
20 21 28
22 8 20
10 24 24
5 40 24
23 46 53
11 8 7
11 16 16
0 23 27
7 39 46
17 19 13
14 21 30
1 24 25
21 38 24
0 32 33
3 0 25
20 23 7
15 33 45
6 59 59
9 36 5
7 5 2
0 41 26
20 39 12
3 28 52
3 5 17
12 37 37
19 46 14
1 12 33
4 43 31
11 24 55
20 59 50
6 59 6
6 44 47
11 17 8
7 2 49
22 22 29
22 5 48
21 47 51
20 33 33
14 33 53
22 41 50
20 53 28
12 45 56
15 24 32
3 25 13
21 28 49
19 18 12
7 17 56
14 28 45
18 30 36
12 14 33
1 57 35
10 33 51
21 43 23
19 48 36
8 11 46
10 19 44
3 0 43
6 35 27
14 38 50
2 44 36
19 58 30
12 41 16
19 59 7
20 20 7
21 10 46
3 22 24
4 50 7
17 26 29
13 57 30
15 8 3
20 36 53
18 58 11
8 43 14
21 53 55
7 46 11
14 5 22
5 32 46
9 24 4
12 56 46
3 53 59
6 5 4
7 8 56
1 56 14
21 15 11
15 19 47
5 29 34
22 20 44
2 0 55
2 32 18
15 50 25
5 59 22
19 8 20
20 47 11
2 0 49
19 45 23
7 30 26
1 22 29
17 34 20
9 28 43
12 9 49
17 21 33
7 3 33
16 53 41
19 50 45
19 53 2
22 4 22
15 42 22
8 14 49
4 45 41
7 21 27
2 26 53
19 6 30
11 39 33
13 48 52
14 26 34
20 53 59
6 16 34
20 51 0
17 46 17
13 15 39
12 24 6
3 17 58
7 53 18
3 2 27
8 51 12
7 48 29
21 28 16
9 22 25
1 4 24
10 54 26
18 6 23
12 55 25
9 6 47
1 15 28
15 10 40
13 36 35
20 0 7
13 14 29
11 35 56
21 45 21
17 48 49
8 34 27
20 24 21
1 25 52
23 48 42
1 1 24
20 17 34
10 13 21
20 17 2
3 11 12
3 42 13
16 29 10
7 57 6
3 59 50
11 39 26
18 50 45
17 28 35
11 29 54
22 26 39
19 9 20
23 12 23
21 34 6
20 52 59
10 6 49
10 21 6
7 13 30
17 6 54
11 2 42
17 53 44
5 9 11
9 43 30
13 50 30
3 8 19
15 21 45
2 50 13
19 27 55
5 50 35
1 7 1
21 28 50
20 57 34
6 9 0
0 0 48
9 57 53
4 57 15
21 29 0
8 9 20
6 11 26
12 18 50
8 23 8
22 10 42
14 15 11
1 47 15
13 17 47
15 8 52
2 35 30
2 18 37
4 58 14
10 46 6
3 26 37
12 23 54
11 59 28
2 27 14
22 49 22
5 10 48
21 14 44
22 8 28
7 0 17
3 7 23
3 39 39
21 33 11
6 59 48
3 23 55
3 6 53
11 32 13
21 47 25
16 20 51
4 13 1
14 36 8
20 40 13
4 51 52
8 41 57
7 36 42
2 53 35
12 46 3
19 9 26
13 20 32
11 36 34
16 4 43
3 23 0
20 43 6
0 6 32
12 57 49
12 28 17
0 28 13
0 36 15
20 40 36
4 5 0
10 58 12
5 34 37
5 35 34
5 48 54
3 50 38
15 19 20
1 13 2
1 28 13
13 15 49
2 27 30
23 35 34
9 31 14
3 14 48
12 8 36
8 54 6
6 21 4
13 1 13
21 46 51
20 27 22
21 22 47
16 47 46
17 0 7
0 5 13
11 2 52
5 29 8
20 12 22
8 29 34
19 26 59
22 20 50
7 25 4
13 49 10
17 20 7
16 54 58
1 41 37
20 32 2
3 44 54
19 4 3
19 46 42
20 59 13
21 23 50
8 4 54
14 41 7
23 21 22
23 51 39
10 5 10
14 35 43
9 50 29
10 15 3
18 26 25
11 9 53
11 8 29
10 37 45
19 59 26
1 40 19
20 31 25
11 38 41
6 22 37
11 59 3
4 41 33
20 34 44
4 4 54
23 49 49
20 43 38
10 57 46
8 25 17
18 6 24
10 35 37
15 32 19
12 16 34
18 12 31
4 47 22
10 15 29
3 12 5
1 51 39
9 3 20
3 3 55
12 50 1
2 12 15
6 54 14
18 36 28
14 20 1
7 33 44
21 2 29
20 52 23
12 1 9
14 11 4
1 8 47
10 36 15
1 55 24
23 47 39
21 41 31
5 59 22
2 31 12
13 55 2
1 46 13
22 15 30
11 25 54
1 26 23
3 57 46
16 6 47
18 38 26
8 54 32
15 31 42
20 56 46
7 1 15
11 23 49
16 34 2
8 55 57
7 17 54
12 14 38
5 3 35
11 3 9
18 14 31
2 54 47
14 14 8
4 15 12
8 46 23
9 9 34
10 3 40
7 20 11
0 28 44
16 9 4
11 36 11
0 52 56
9 50 51
18 31 41
18 43 42
10 30 3
7 42 57
5 30 10
9 44 28
23 59 27
5 7 24
13 40 42
8 51 33
11 47 7
3 36 34
7 49 11
13 44 18
16 18 6
21 37 5
8 40 50
0 1 58
15 15 28
8 13 53
4 23 23
23 52 5
9 37 56
13 48 14
10 15 28
19 26 35
16 7 17
7 39 56
1 25 44
18 33 23
14 43 20
4 19 0
21 57 38
20 38 58
3 38 38
14 20 34
16 44 47
8 51 8
5 33 34
6 34 28
16 29 37
6 43 44
21 15 19
16 23 54
5 42 54
11 55 29
14 44 41
2 28 9
14 27 14
9 27 51
15 36 34
7 28 49
8 11 39
9 24 23
9 41 57
6 29 13
6 1 57
12 16 26
6 47 20
20 12 23
5 46 48
18 56 49
1 16 36
10 1 24
22 58 46
12 12 25
21 12 53
17 14 6
10 7 40
11 40 11
17 12 18
17 28 57
5 5 52
1 55 23
8 13 32
22 59 11
23 23 13
23 9 36
16 32 51
10 5 31
0 29 58
11 25 35
16 10 33
1 17 24
5 33 24
16 40 9
19 8 49
13 14 56
23 27 30
18 15 55
3 39 3
13 46 56
9 17 20
15 24 24
1 52 4
14 48 47
11 56 24
12 6 55
7 17 27
4 50 52
1 57 2
13 35 31
1 34 42
22 39 9
5 57 46
22 22 15
11 14 58
18 55 51
22 3 45
14 36 33
5 55 48
13 39 25
21 0 59
21 24 8
6 11 29
0 27 54
16 47 56
9 4 27
21 11 32
12 37 39
2 35 17
15 45 6
14 13 59
5 7 5
11 19 10
13 48 13
17 16 23
21 35 44
6 16 13
18 1 58
18 15 33
19 28 55
14 12 38
17 27 18
2 30 6
5 1 22
4 48 16
5 3 16
21 3 51
8 47 42
16 1 56
7 27 4
15 40 51
23 50 22
1 31 0
5 1 22
7 47 2
10 24 17
5 39 58
22 18 12
16 57 2
16 49 43
22 30 51
15 18 29
13 19 14
7 56 58
16 6 9
8 16 11
9 16 8
14 12 56
13 16 17
23 20 33
18 46 51
19 58 23
15 46 12
8 42 26
20 42 49
1 21 11
16 42 27
2 24 36
19 25 25
16 11 38
9 7 56
0 53 2
22 10 18
0 42 1
10 13 35
15 11 2
19 23 56
4 13 42
0 33 15
9 46 31
7 2 21
11 29 24
23 42 38
13 23 44
14 55 50
17 44 3
4 25 19
11 22 23
2 14 51
5 29 13
9 11 3
21 1 44
15 1 0
18 35 8
1 20 58
2 1 45
20 59 9
18 52 59
19 18 31
20 52 59
19 28 59
9 58 50
9 41 43
6 11 38
21 17 52
16 10 39
17 22 24
15 41 50
2 40 10
7 24 40
7 44 56
8 8 1
7 17 35
16 23 45
16 6 27
17 35 54
8 10 45
20 10 57
7 18 10
0 14 8
12 5 13
2 53 47
16 54 12
7 39 18
6 24 0
4 38 19
10 11 22
14 17 53
14 41 11
1 9 24
16 31 47
9 5 45
0 7 45
2 2 0
8 13 52
18 15 13
22 56 28
20 4 41
12 21 47
8 34 0
14 45 0
8 5 24
16 44 39
14 0 55
5 9 39
5 59 14
0 30 50
21 3 13
4 44 55
5 20 32
11 56 19
1 5 19
19 52 41
15 53 6
12 11 42
21 24 48
6 28 45
6 45 44
23 35 42
13 47 59
3 43 30
16 13 9
14 3 1
13 58 11
15 46 7
0 21 43
23 9 26
18 57 41
21 10 40
3 33 35
7 13 25
0 34 21
23 9 3
10 29 34
18 24 12
3 41 28
14 46 33
10 44 0
18 48 16
23 13 44
23 45 47
17 0 18
22 12 36
21 54 16
11 41 50
0 28 52
1 9 22
0 33 3
7 57 59
8 57 42
10 9 33
4 42 22
1 6 28
23 5 27
7 38 33
7 52 27
17 51 1
12 50 19
15 37 32
2 21 35
22 6 17
0 4 19
7 40 11
23 44 22
8 14 33
13 28 21
1 44 2
9 23 59
19 3 41
9 3 40
2 12 48
22 28 33
7 44 15
23 48 26
2 19 23
11 32 39
2 20 32
14 31 5
0 19 3
18 41 49
6 24 15
18 9 44
5 21 33
15 40 47
18 3 32
14 34 31
14 5 23
10 38 59
20 22 5
15 11 36
22 30 45
2 12 4
10 0 55
13 17 37
11 1 56
0 59 14
18 10 6
5 35 26
0 54 0
5 40 8
15 16 37
21 41 2
23 33 54
21 18 54
19 1 42
2 43 49
0 56 10
18 24 20
17 15 15
14 56 46
16 15 43
4 22 43
19 20 27
12 30 52
14 9 55
12 44 17
10 57 51
20 51 26
7 21 10
19 26 1
23 27 38
11 25 32
19 22 49
17 59 30
12 35 39
5 0 15
13 36 25
3 11 21
22 26 41
10 22 11
23 10 40
22 45 31
15 41 53
15 21 23
9 59 45
19 16 54
1 14 38
20 14 43
11 34 3
14 2 12
21 43 51
22 21 43
17 44 46
8 13 42
13 24 10
7 10 44
22 40 20
5 58 45
4 6 2
13 4 24
23 54 35
21 31 51
7 56 34
23 59 28
1 55 49
9 25 52
1 53 59
9 31 47
0 18 39
9 8 56
10 53 26
15 43 7
17 26 16
7 26 15
5 53 30
16 38 54
6 16 55
19 49 11
5 17 20
1 48 33
7 10 10
17 1 46
5 22 12
17 18 58
22 24 30
21 36 58
4 12 14
11 17 13
16 54 47
4 18 15
20 17 33
0 52 50
22 1 48
9 26 1
3 30 3
16 57 28
13 31 43
22 37 33
9 36 59
16 34 44
21 12 0
17 33 26
12 8 44
8 56 18
5 32 35
4 32 28
15 28 15
4 19 40
6 27 51
20 52 8
12 20 50
19 21 16
2 3 24
3 46 15
11 42 47
23 22 14
17 16 15
22 33 43
6 58 50
22 14 41
7 15 52
16 3 10
22 18 7
15 29 36
19 20 50
18 41 43
8 28 7
11 36 28
9 15 42
1 50 18
10 13 2
6 33 17
14 14 46
10 10 47
20 41 37
16 42 48
4 38 58
17 34 1
11 20 1
19 54 52
14 16 54
15 39 6
6 35 53
18 44 32
3 46 52
23 14 40
9 41 29
4 10 9
10 21 45
10 40 46
16 18 55
10 24 12
4 20 19
5 54 53
8 36 16
12 47 51
9 42 0
17 18 42
19 55 2
16 10 59
14 18 3
11 43 50
6 50 31
22 21 22
2 19 58
11 0 23
23 53 22
21 51 41
7 26 36
14 5 8
22 45 28
20 22 31
23 28 22
20 5 43
0 55 36
18 35 40
11 59 23
17 54 8
19 29 2
18 26 29
22 59 19
13 33 2
12 39 41
18 36 45
1 41 0
7 31 58
13 22 22
10 17 0
22 51 56
6 28 9
7 44 17
17 0 6
19 2 13
4 3 53
15 50 35
20 24 0
10 59 27
10 18 25
2 12 12
2 23 36
18 33 26
17 42 15
12 22 37
0 46 47
16 53 43
2 51 17
19 20 29
17 14 17
23 10 47
1 41 25
11 20 35
20 10 24
8 5 41
17 15 9
4 52 25
1 56 2
23 13 25
15 25 30
7 57 28
12 14 42
18 0 33
16 56 4
13 49 59
3 39 0
4 38 26
4 41 25
23 27 27
22 37 59
5 33 55
13 25 46
23 13 29
5 6 25
15 32 16
18 17 34
7 55 37
9 39 38
6 50 39
17 6 41
5 2 23
1 54 0
13 22 21
9 36 42
9 43 49
7 54 4
20 28 50
14 36 17
8 44 8
16 21 39
8 45 37
6 41 35
9 17 12
19 33 1
9 59 32
23 20 40
10 2 55
6 9 30
22 7 33
16 13 20
10 54 19
8 58 12
21 11 41
1 57 56
8 4 33
11 22 15
2 12 39
15 0 19
17 55 13
14 29 25
6 47 42
5 53 25
1 33 8
21 2 49
8 42 34
20 19 48
8 1 27
18 34 33
16 40 24
5 7 31
5 2 3
15 37 51
15 48 35
22 7 26
2 46 13
7 3 53
11 39 0
0 38 0
10 50 54
20 20 9
22 40 13
6 52 52
1 9 14
10 26 5
11 7 53
23 35 39
6 58 46
1 53 32
6 44 42
22 21 14
4 22 2
1 11 13
6 0 44
1 55 8
9 51 13
19 4 19
21 29 2
17 8 13
12 27 31
6 38 15
19 3 1
9 5 28
11 31 43
15 40 21
7 14 56
2 59 2
15 3 12
3 12 38
2 45 24
1 0 33
18 43 41
21 4 39
7 54 24
9 27 49
14 55 7
18 34 25
7 40 8
23 38 0
10 49 54
10 10 35
0 58 35
23 55 1
17 44 30
5 41 37
16 25 53
6 42 36
7 45 29
15 47 3
21 29 28
14 42 2
18 54 38
6 32 51
13 53 28
2 18 59
8 30 42
10 14 19
20 3 59
21 40 48
5 11 10
23 5 34
15 44 38
23 42 48
3 49 10
1 57 52
11 32 27
5 19 26
18 32 58
20 26 47
6 52 21
19 11 16
12 55 58
2 58 52
11 9 53
10 39 5
3 48 28
18 9 25
15 0 40
18 29 12
5 25 42
7 43 30
23 57 47
9 17 33
11 28 3
16 7 31
7 47 22
12 28 8
2 36 14
8 40 31
7 43 36
14 11 43
4 47 5
15 54 35
19 25 59
1 0 13
23 53 11
6 3 48
20 55 48
20 52 47
23 3 44
2 16 57
18 17 20
10 40 37
19 31 0
9 45 19
17 36 12
18 56 39
16 53 0
23 47 45
22 24 41
23 40 8
5 41 16
19 30 13
1 6 40
4 20 27
1 54 6
15 20 30
3 30 43
15 51 24
11 8 25
22 8 44
22 16 31
14 0 28
2 13 53
16 33 17
11 1 55
18 47 32
4 20 43
10 56 27
15 32 7
21 42 29
4 43 36
12 48 24
14 33 41
5 46 48
6 14 23
10 47 59
14 32 8
10 17 47
22 1 50
10 48 45
13 48 23
11 45 20
14 49 50
4 18 26
6 17 0
9 23 24
18 37 43
5 1 37
17 6 57
21 9 15
7 44 2
23 41 52
9 0 50
19 51 20
8 21 16
16 8 2
8 34 36
2 20 58
7 28 24
8 39 18
0 22 5
3 58 6
23 34 59
3 56 5
17 32 33
3 47 19
13 41 32
22 30 56
6 36 44
12 29 55
22 14 56
15 45 35
9 32 41
15 48 58
6 49 2
13 55 7
8 38 22
8 49 10
2 34 18
4 30 46
16 41 43
3 40 54
3 35 3
19 3 43
10 33 57
18 37 44
2 33 22
8 42 7
8 21 4
20 52 4
9 16 47
11 30 24
8 46 10
8 4 18
14 32 46
2 28 22
4 14 50
21 55 11
14 52 56
15 8 41
4 23 27
3 58 0
11 35 13
2 35 52
11 43 36
17 19 56
0 5 42
16 31 49
21 8 57
14 51 30
10 20 35
18 50 24
9 53 24
21 42 42
3 0 48
14 28 33
11 53 5
7 53 46
16 12 25
1 38 24
13 23 30
7 34 43
9 18 22
10 20 41
1 24 49
22 59 34
8 34 26
16 1 13
13 20 51
17 58 38
21 26 32
19 55 52
3 43 0
17 55 47
23 50 14
3 38 33
11 47 52
15 54 49
16 40 39
3 29 50
1 3 33
0 7 23
3 28 49
11 22 28
18 37 18
10 5 24
8 3 35
5 12 46
7 49 50
6 50 8
2 2 39
4 45 24
21 26 51
23 34 47
20 34 57
10 36 17
11 40 7
19 9 23
20 35 35
3 2 15
17 49 55
22 59 34
5 17 30
7 35 47
3 58 31
10 29 47
20 54 33
23 13 43
8 44 4
16 58 57
8 27 16
14 57 27
9 6 18
0 39 16
11 31 37
17 3 42
2 39 39
5 26 30
10 7 46
11 5 13
16 15 2
21 58 7
8 58 18
5 23 30
3 39 22
10 47 6
18 37 29
22 59 45
12 20 35
12 12 57
3 55 11
12 44 12
23 1 3
17 13 33
1 9 22
10 46 24
1 23 2
16 25 27
7 15 13
13 29 30
8 50 37
13 22 18
20 28 37
14 31 8
3 41 11
13 31 54
4 22 31
19 25 36
22 23 21
10 11 41
7 31 12
16 18 44
23 3 59
4 44 49
19 21 14
19 17 41
0 48 36
13 31 43
4 49 9
20 27 29
17 29 29
14 24 20
8 44 44
14 29 6
14 41 48
17 8 35
17 36 42
4 4 36
2 18 45
7 44 47
3 19 56
20 14 51
20 33 25
3 45 38
11 19 16
18 32 1
10 0 52
18 21 13
19 1 9
3 14 15
5 35 43
17 38 29
16 26 25
9 12 39
4 45 25
9 57 43
6 23 14
16 1 35
20 55 57
16 38 56
14 3 22
20 42 11
22 42 0
18 13 55
15 16 45
4 39 16
12 0 13
3 2 36
1 39 48
1 52 38
16 3 25
16 22 56
21 23 56
17 10 41
1 9 51
2 30 11
23 32 31
16 53 40
5 22 20
7 10 56
21 35 34
19 3 45
9 2 14
3 47 27
6 29 54
6 5 42
19 14 15
2 16 58
17 12 25
18 51 51
21 59 17
18 8 35
7 36 54
8 13 48
22 4 56
23 3 36
17 10 8
10 11 53
20 42 3
0 15 11
8 40 17
9 56 35
1 43 41
14 18 49
17 4 29
15 3 42
3 28 39
14 30 25
14 58 50
20 4 3
23 32 44
15 40 33
4 18 45
21 5 3
8 48 29
7 59 28
12 13 40
14 6 15
5 59 47
11 40 9
2 30 12
16 1 53
16 36 59
12 49 19
19 51 41
14 9 1
9 35 4
3 19 21
16 19 36
17 31 10
15 34 25
17 55 48
3 17 48
6 59 4
7 48 37
4 21 12
17 0 20
9 29 37
22 30 59
2 29 31
2 37 9
13 4 42
0 39 58
21 15 41
10 17 13
1 16 56
14 44 19
6 57 46
12 41 5
8 10 13
6 41 53
18 2 21
5 7 18
13 12 34
23 38 55
14 3 53
22 53 40
19 3 41
18 8 53
1 10 16
9 23 13
18 5 15
11 17 56
16 32 14
16 31 34
10 36 32
13 33 5
15 17 13
5 28 7
12 1 32
3 18 52
5 11 46
6 44 24
22 28 12
15 56 27
9 32 31
21 10 50
1 12 29
12 28 25
8 33 5
13 22 48
19 23 26
15 6 18
13 31 7
7 6 27
10 50 31
22 12 50
23 55 36
3 39 3
13 9 43
14 52 27
4 10 35
19 28 35
5 22 14
14 6 58
1 29 24
15 31 26
7 32 27
17 28 55
14 14 57
8 4 44
10 59 8
19 53 34
2 44 51
20 58 22
0 24 49
17 35 56
10 3 5
13 45 56
22 1 6
14 19 7
19 15 14
15 50 14
6 52 3
16 50 19
15 12 2
22 59 9
4 50 46
9 0 6
15 30 57
20 12 10
12 1 19
19 26 19
4 48 6
20 20 35
11 48 23
1 43 36
2 59 58
12 52 35
17 25 44
8 48 45
0 48 4
10 36 14
18 37 34
9 38 0
11 10 30
9 37 41
21 20 7
12 0 35
15 21 19
21 10 48
21 27 33
19 50 44
15 12 32
6 7 24
0 22 17
12 12 54
7 8 14
10 46 55
19 14 57
21 39 12
0 57 3
5 43 41
13 42 21
12 22 18
11 54 22
6 18 27
0 11 57
14 14 22
12 2 23
22 43 29
9 11 12
15 20 30
0 6 39
6 43 2
12 12 5
14 10 30
19 50 9
5 29 23
23 20 11
17 51 33
8 25 3
23 59 47
22 10 35
16 46 19
5 42 46
7 45 18
6 41 0
19 30 44
0 29 27
14 56 47
12 38 53
17 58 40
0 50 54
17 24 38
6 8 1
14 33 57
6 51 56
13 56 41
10 40 52
3 45 51
8 59 38
12 22 55
3 18 28
12 30 12
4 1 6
15 33 11
22 6 36
2 55 37
2 49 50
10 42 35
3 18 5
19 14 19
17 13 6
23 5 45
9 44 25
14 53 3
2 28 7
7 34 19
12 53 26
4 32 27
22 41 26
19 39 30
7 9 36
22 52 58
0 33 43
13 21 29
21 54 13
4 49 6
18 35 14
12 50 50
9 35 5
18 33 10
14 39 30
4 6 58
0 53 51
8 38 27
18 10 42
11 20 32
16 14 32
2 48 24
7 54 24
14 17 26
4 56 12
1 34 33
22 42 53
20 13 57
16 42 10
14 30 58
1 41 5
19 0 18
13 20 52
22 15 29
4 18 3
5 42 10
23 13 41
10 54 22
15 12 28
22 40 29
7 0 5
6 12 31
20 51 0
7 42 5
8 20 33
14 11 42
23 39 38
15 32 42
10 53 6
13 17 20
7 29 30
19 49 16
15 46 44
21 1 31
17 40 2
17 27 49
1 0 22
21 45 35
14 31 14
0 20 2
16 40 56
15 13 27
2 26 15
16 27 40
9 19 43
12 59 57
17 48 7
16 21 15
16 35 13
14 2 10
4 5 31
23 1 21
14 13 16
7 31 42
1 59 48
13 14 5
2 19 12
12 47 23
4 13 21
8 17 58
0 44 10
8 2 54
21 32 9
20 53 52
6 37 20
19 35 37
8 26 24
6 18 8
10 20 55
22 15 16
14 41 43
12 45 57
1 9 39
13 49 13
14 10 55
18 19 34
12 53 51
15 7 38
16 12 18
18 39 36
21 9 32
18 42 15
2 14 5
0 43 26
9 12 31
21 57 26
18 56 17
1 1 35
6 25 23
10 48 19
9 39 56
23 12 47
19 12 23
18 52 25
12 13 30
9 47 46
19 35 13
17 48 49
19 42 38
1 18 44
13 13 45
17 14 14
10 18 7
1 30 0
2 21 20
0 59 40
14 14 21
2 39 40
18 35 29
23 30 3
0 18 32
21 13 27
2 9 41
22 29 41
14 31 10
4 42 33
16 40 59
21 53 49
0 42 3
13 41 9
5 38 33
11 2 1
11 3 26
12 31 10
9 54 31
17 4 10
15 32 20
16 49 42
21 1 48
21 27 47
2 12 20
1 50 5
18 13 31
22 32 7
2 28 31
23 58 19
1 25 39
13 10 10
0 12 13
21 43 42
8 2 1
20 15 53
9 53 51
3 38 38
14 55 15
13 37 56
16 20 23
9 58 56
17 36 41
23 50 45
19 33 21
1 1 51
12 19 55
17 46 33
7 9 56
20 52 27
20 7 41
22 0 40
17 32 43
14 44 32
14 20 1
5 17 53
23 30 5
19 2 46
17 26 10
4 38 49
6 22 49
12 25 31
13 56 35
6 58 14
7 11 15
2 53 15
22 40 19
22 56 53
2 23 50
10 33 5
15 45 43
16 33 11
14 34 0
22 7 10
5 5 3
3 3 2
10 11 39
14 40 20
14 54 27
8 12 50
5 54 25
20 28 52
4 58 17
16 18 30
15 27 9
14 47 38
16 41 18
21 3 16
22 41 24
11 3 49
15 35 39
7 15 43
19 43 32
5 4 47
14 46 44
23 13 54
11 16 25
18 29 30
7 42 51
14 54 48
15 36 23
5 23 53
21 18 48
1 52 13
4 19 7
9 41 44
14 41 36
14 43 16
15 0 26
6 9 44
6 20 45
1 31 36
2 51 14
21 36 44
14 58 15
0 37 17
19 53 21
21 49 16
12 18 24
1 29 32
17 51 10
5 17 54
17 22 51
20 15 43
5 39 33
12 44 47
8 12 55
3 17 47
11 20 27
0 46 44
20 22 53
0 14 1
8 5 26
6 36 6
7 18 58
9 54 3
21 6 48
0 54 12
18 57 29
20 50 7
23 16 38
13 39 28
18 20 24
3 39 38
18 27 24
9 14 0
3 34 44
21 0 22
5 1 55
0 27 24
18 30 43
18 42 44
13 52 18
8 1 39
2 3 41
11 33 21
11 22 39
18 37 46
2 23 19
13 50 32
18 24 23
22 25 35
11 18 7
23 47 36
20 11 48
20 54 31
2 2 29
15 53 17
9 51 47
16 14 28
6 42 33
20 49 14
19 48 54
1 39 51
13 27 14
16 37 46
9 26 3
2 59 8
5 41 40
18 25 1
12 4 47
1 24 11
3 10 52
8 11 4
14 4 3
19 8 17
1 33 50
11 57 59
19 54 38
5 56 48
20 59 22
1 26 51
15 16 36
5 42 21
15 52 7
10 17 38
21 14 38
10 48 25
20 30 20
11 33 47
12 15 48
10 17 53
1 53 55
9 28 13
18 34 9
5 29 38
19 34 16
21 56 12
5 10 6
1 48 31
20 26 10
12 53 7
18 21 34
0 43 30
13 53 38
11 18 2
12 20 48
1 12 52
1 4 16
13 27 52
13 53 39
16 15 8
15 43 22
22 33 46
7 34 59
5 25 48
10 6 10
18 1 57
23 41 42
9 38 35
8 43 47
13 35 11
16 32 43
17 9 7
13 12 6
18 59 59
1 41 6
17 39 35
7 36 14
8 54 39
8 39 32
7 21 59
21 59 7
20 7 58
23 51 46
9 57 8
1 28 55
15 3 52
4 42 16
7 54 57
16 57 22
20 1 35
8 13 7
23 6 36
2 56 1
20 58 55
17 20 46
2 25 31
19 46 46
22 26 9
22 27 20
15 56 59
4 6 39
1 50 0
1 52 13
0 36 30
7 25 53
9 17 50
18 33 45
10 12 39
18 32 51
21 19 27
10 35 44
19 5 18
18 51 31
1 30 30
16 12 55
23 7 10
16 24 13
16 30 1
17 4 39
13 55 33
12 27 30
17 56 47
4 11 20
5 5 25
21 28 6
17 24 38
19 7 51
22 39 12
8 14 9
13 58 49
3 39 53
8 15 19
17 10 47
13 47 53
9 41 47
8 21 0
9 32 13
21 59 6
4 46 19
11 5 33
19 35 1
10 15 27
23 53 0
1 25 11
15 32 42
22 4 35
14 37 47
7 17 45
9 44 39
9 13 7
4 12 42
22 9 7
11 8 42
2 8 2
13 11 10
14 28 35
9 32 3
12 2 49
21 32 50
11 11 46
0 25 41
17 37 54
15 24 51
21 17 42
17 28 42
11 29 8
1 20 31
8 32 32
16 19 15
6 31 38
23 31 36
20 23 52
17 39 29
8 51 7
11 9 33
8 57 36
6 21 0
4 54 5
9 56 6
18 56 46
4 24 52
11 28 20
23 4 53
3 35 13
4 0 49
8 18 22
8 50 39
22 15 40
20 13 7
9 57 24
15 46 20
16 0 37
4 52 36
23 25 26
16 43 18
17 20 50
4 48 1
14 20 45
10 23 36
10 41 48
11 56 29
6 41 11
12 46 11
21 19 35
13 0 28
1 34 41
6 54 49
17 23 0
17 26 49
4 13 27
17 54 55
4 21 13
19 7 57
22 53 23
4 8 7
2 56 47
8 31 33
11 10 1
21 58 6
4 49 21
22 54 43
2 5 41
18 1 9
12 3 5
11 21 5
1 32 37
13 53 5
20 49 34
10 27 14
5 26 43
16 46 48
4 32 13
9 1 52
9 55 47
19 25 15
23 30 7
12 46 21
13 21 11
4 5 57
22 41 29
20 13 45
1 57 29
8 24 57
9 4 17
17 58 7
8 28 5
13 14 18
19 48 19
16 37 22
22 19 14
0 18 48
2 18 34
12 5 23
10 18 4
16 46 18
12 32 0
14 54 45
15 40 38
17 58 8
17 57 55
12 11 54
21 19 19
3 19 33
17 32 47
9 10 56
18 6 56
17 9 21
7 14 0
0 24 42
17 55 26
20 8 2
16 1 58
0 34 2
14 2 14
6 20 45
9 36 31
21 28 25
15 56 46
21 25 47
21 39 42
17 17 31
0 19 17
8 9 37
20 54 47
7 2 49
2 15 47
22 58 22
6 5 42
3 56 29
16 43 55
1 13 23
0 8 12
21 15 0
14 25 33
7 2 14
10 36 58
16 34 5
14 22 29
14 37 53
7 13 30
22 48 55
22 44 42
4 2 14
4 42 11
1 7 6
12 37 44
20 55 46
19 58 41
8 48 9
10 23 55
22 19 49
18 22 7
4 38 43
16 26 30
8 3 55
2 25 28
3 35 24
2 37 25
18 2 16
21 1 28
12 33 1
19 23 16
0 54 8
4 15 43
11 26 41
8 12 19
17 22 27
19 56 2
1 58 7
20 38 10
9 59 24
23 1 6
9 45 38
14 8 6
15 1 19
10 3 33
2 54 38
7 56 16
3 40 56
4 20 17
3 52 6
5 30 35
8 16 22
6 9 29
16 20 54
9 58 55
15 10 18
12 29 2
21 48 54
13 9 40
6 57 47
4 8 51
16 47 37
23 50 11
8 5 0
18 6 8
11 18 44
15 34 41
0 58 20
9 27 37
3 20 58
14 2 6
4 7 24
1 27 26
1 7 31
20 19 21
0 15 16
14 26 59
8 41 58
10 30 15
1 19 5
14 36 53
0 52 2
3 25 59
11 49 40
12 13 30
12 30 1
14 34 0
11 40 32
6 25 3
9 9 46
15 57 34
16 9 49
7 17 56
12 50 32
3 50 26
1 27 4
19 46 26
21 55 18
7 45 43
22 10 40
14 4 51
15 58 17
10 41 49
18 24 3
14 26 50
20 37 54
4 10 31
23 48 59
0 53 7
22 2 20
2 26 50
19 46 26
7 50 0
11 42 23
17 18 16
22 31 18
7 9 57
18 50 51
15 20 36
11 2 16
22 15 44
2 1 6
4 20 59
15 43 25
3 49 42
1 14 44
8 52 46
11 50 29
4 30 10
7 31 25
21 57 8
23 46 11
9 6 9
14 47 26
17 14 35
4 47 3
11 23 0
17 17 15
20 38 26
8 26 38
17 36 8
11 32 22
7 20 6
2 30 24
2 40 12
14 45 27
14 36 55
1 13 9
11 44 23
20 47 51
11 55 37
20 22 27
15 38 42
12 56 13
11 7 39
23 57 33
9 59 49
13 6 59
13 53 43
12 44 37
13 24 16
22 54 52
10 34 0
7 22 6
5 50 29
14 12 46
9 5 6
3 43 34
12 7 30
19 3 59
4 13 11
7 1 34
22 54 20
20 58 57
6 8 1
11 34 45
6 8 32
20 54 27
11 12 46
2 31 49
2 30 8
12 30 13
19 28 51
2 47 33
4 30 28
23 35 35
22 6 59
4 14 2
19 28 1
16 2 2
14 39 20
1 27 20
10 32 37
22 0 28
11 19 49
21 7 4
14 36 50
18 7 44
16 38 0
0 4 49
6 22 43
16 23 11
8 43 32
2 28 28
1 2 23
15 30 25
23 36 46
8 17 48
9 47 56
7 32 2
17 4 3
23 37 8
15 41 17
20 3 40
15 41 41
19 13 2
12 41 59
18 56 5
9 29 28
8 49 41
1 43 16
1 32 27
19 44 41
1 25 11
22 48 14
12 25 52
13 48 6
8 31 16
18 17 15
23 14 52
5 37 18
6 33 21
3 58 0
14 17 46
0 56 56
15 17 27
7 19 16
7 56 3
13 46 56
7 34 12
16 59 47
12 39 32
12 25 4
2 28 18
21 43 35
16 28 13
21 10 24
6 36 44
15 32 21
15 58 27
13 27 50
7 21 27
16 25 45
16 57 32
1 21 7
17 14 14
12 25 25
0 39 34
12 53 0
0 29 26
7 6 19
0 30 3
23 20 58
22 33 2
5 55 0
8 44 16
11 22 13
18 57 6
18 31 20
5 11 37
22 22 10
10 12 23
23 31 39
19 5 23
16 53 41
1 59 8
18 13 47
6 22 44
12 55 28
0 34 22
12 6 52
17 59 37
4 29 29
3 0 54
11 21 39
18 50 10
15 8 52
17 9 29
21 6 11
16 25 21
16 23 37
8 29 56
10 23 50
4 43 39
7 14 6
10 38 44
3 25 37
4 12 15
21 34 8
23 7 16
14 32 50
3 46 4
5 50 54
4 12 58
18 35 12
22 45 29
2 11 17
11 19 33
3 8 41
12 54 2
4 19 8
22 12 38
14 48 43
22 57 1
20 17 13
7 51 18
11 28 54
11 22 25
20 47 4
3 46 4
15 24 58
16 13 14
16 9 58
11 16 17
17 27 49
0 20 13
16 47 2
7 5 24
10 42 42
0 36 7
14 54 5
13 2 41
14 55 37
2 25 23
1 10 54
14 22 44
22 42 2
14 9 4
14 46 37
7 12 36
20 55 36
2 3 9
9 35 37
17 43 3
11 26 25
11 21 38
13 33 45
21 51 30
16 53 41
4 33 49
14 29 14
3 30 35
23 55 46
17 8 37
8 6 0
4 44 37
18 5 38
13 58 14
4 24 28
22 35 48
11 7 1
5 54 40
18 50 40
21 7 43
0 52 21
17 21 51
14 27 8
7 0 40
11 45 49
18 13 56
7 11 33
17 23 9
5 58 51
20 17 6
12 42 52
11 52 20
3 25 56
8 15 33
2 38 4
0 31 16
14 38 16
10 11 37
9 38 19
0 57 48
12 34 18
3 38 15
5 50 4
11 53 12
11 28 53
5 8 21
23 25 2
16 28 47
7 33 56
10 24 28
12 52 5
17 21 13
9 24 23
15 51 18
9 37 29
23 50 41
17 22 9
6 34 56
19 45 36
15 31 27
10 26 44
20 0 56
23 15 34
4 32 16
8 50 31
4 17 2
21 49 21
3 14 0
9 36 0
4 31 28
3 28 1
4 51 27
13 49 3
4 27 18
4 50 14
16 12 22
20 21 13
6 55 55
8 35 24
2 4 35
17 21 48
9 47 59
18 19 51
16 43 12
10 40 47
12 36 3
21 59 10
2 16 32
6 27 52
2 48 23
2 52 48
7 0 23
4 30 40
23 30 43
4 50 53
8 31 21
7 18 50
13 50 57
18 30 32
1 13 17
18 40 42
3 1 41
5 41 42
19 28 4
8 5 30
10 19 26
22 39 8
20 33 57
23 43 3
8 43 45
14 2 52
8 3 48
12 36 37
12 59 50
9 45 48
3 29 7
15 13 18
8 11 44
8 0 35
17 54 11
9 15 39
3 26 3
12 10 40
15 16 40
9 48 21
12 14 3
15 51 29
6 4 36
13 41 13
20 54 0
9 35 56
7 20 4
0 20 36
4 12 24
17 52 8
19 8 31
10 35 2
12 43 0
15 20 56
13 2 18
2 53 47
7 18 57
21 51 28
9 5 32
7 14 49
17 31 14
0 53 6
7 56 20
1 1 6
20 35 5
2 18 11
0 37 10
5 50 26
20 59 26
20 38 45
19 44 4
21 43 54
21 41 5
18 33 23
10 46 18
8 8 21
1 19 56
20 35 53
19 30 20
1 7 6
16 39 57
16 39 32
9 21 37
3 58 32
19 2 50
13 35 34
21 12 19
8 46 1
20 7 13
6 17 0
0 42 34
5 24 49
15 22 51
17 27 56
3 42 18
22 0 59
7 4 52
12 50 28
15 17 56
15 22 11
19 57 44
5 28 0
18 48 50
19 23 24
23 55 0
9 41 51
5 10 19
11 3 33
21 12 6
4 40 27
3 17 11
6 37 19
9 55 54
23 27 51
6 38 13
17 31 46
15 23 16
3 13 28
12 55 18
19 46 25
5 16 12
8 3 12
7 51 28
13 48 45
14 25 52
18 24 34
19 54 1
13 51 38
4 16 54
23 53 37
16 50 22
13 24 11
20 54 24
21 11 52
13 24 36
14 38 20
2 0 21
0 13 29
4 53 34
20 24 33
18 44 16
1 39 36
16 45 3
4 19 28
10 44 51
2 45 32
23 26 55
7 11 46
17 57 58
0 39 37
1 9 37
21 12 41
1 17 5
13 10 4
16 29 0
2 7 9
21 22 19
3 43 26
19 25 17
14 36 37
15 44 44
2 8 51
16 15 45
11 50 28
16 23 13
15 46 0
9 52 45
22 3 36
1 55 19
12 2 30
15 19 53
17 27 39
9 53 29
12 45 5
13 55 43
13 49 41
13 9 36
9 2 32
9 37 12
12 57 22
10 5 15
12 56 46
4 46 12
20 56 16
13 24 40
16 16 50
0 49 23
7 51 10
18 24 57
23 26 8
2 20 26
9 12 4
16 8 29
10 23 51
0 44 47
7 51 46
4 4 42
20 22 43
19 59 24
17 47 37
5 57 43
23 38 11
11 16 4
22 45 1
14 58 8
4 24 18
8 50 36
19 11 47
3 40 59
2 13 4
20 8 18
11 45 50
14 57 56
0 11 57
11 1 46
22 28 12
16 53 16
20 8 26
10 41 59
15 33 15
19 18 52
7 49 33
8 28 5
7 41 11
9 31 11
20 7 59
17 4 53
15 35 51
2 27 8
21 20 54
15 7 37
5 23 31
15 12 20
19 6 0
19 17 35
14 37 12
3 58 53
8 24 4
22 28 52
18 50 6
10 56 42
21 22 35
23 54 15
18 25 30
4 23 31
18 58 46
7 58 3
3 50 59
19 36 30
7 51 53
0 15 25
6 15 19
14 1 8
10 30 27
22 48 33
16 49 54
15 40 56
15 52 52
14 45 17
16 59 7
13 46 3
11 2 24
4 35 40
1 11 2
1 7 33
12 51 21
18 46 57
15 34 38
14 10 49
7 23 46
23 46 33
8 1 21
8 10 19
21 24 27
2 14 17
7 51 33
17 23 54
6 26 13
4 14 39
10 0 44
14 30 17
19 32 32
23 41 23
23 41 59
22 30 14
2 16 50
2 7 50
7 36 35
10 54 4
1 57 7
12 52 26
2 37 6
22 20 55
13 21 29
2 37 46
14 22 23
15 34 6
19 36 58
4 20 36
17 30 43
18 20 29
14 15 17
11 49 19
18 15 19
3 5 11
23 19 42
17 55 0
9 6 18
15 50 39
17 26 17
5 35 46
19 3 28
10 29 24
5 51 45
14 47 11
7 3 14
23 3 18
7 0 28
0 36 57
3 44 53
13 5 29
17 41 16
14 14 26
18 51 56
0 52 56
6 8 55
3 1 21
11 4 21
13 49 24
6 30 0
19 25 21
15 27 38
15 19 56
9 58 52
18 19 55
1 28 20
23 57 45
9 35 20
20 6 22
23 20 26
6 51 9
23 25 18
1 37 47
5 53 25
23 42 51
21 40 25
15 56 11
1 7 36
18 56 35
5 56 39
11 53 58
7 37 32
22 41 20
11 26 47
15 26 33
1 41 55
16 10 33
9 43 32
11 38 29
20 20 47
3 1 47
21 3 3
12 37 49
5 36 24
2 37 10
22 21 36
22 15 58
13 31 5
7 28 23
5 49 24
2 31 20
9 39 6
20 10 57
20 6 57
23 29 10
4 16 7
13 43 57
6 18 25
2 54 3
12 53 6
19 59 32
23 3 13
0 41 33
18 48 22
10 30 26
15 12 58
23 47 49
6 57 20
4 50 30
14 47 33
8 22 9
8 36 31
3 32 51
12 55 0
3 12 59
20 21 28
13 5 56
3 20 54
3 9 28
3 23 23
15 30 15
16 26 59
7 32 43
6 4 8
12 42 10
17 58 51
21 57 34
18 49 49
18 7 43
22 30 19
14 1 17
14 44 17
20 16 48
0 7 44
0 19 28
3 29 31
22 36 30
19 21 6
10 35 48
3 29 15
15 40 15
13 40 36
10 3 5
21 36 5
11 0 11
0 58 23
21 43 36
19 51 16
22 29 36
7 50 20
0 50 11
2 29 50
12 45 22
6 27 20
6 32 50
2 30 11
21 43 5
11 29 44
16 31 10
16 23 56
21 55 3
22 3 47
7 11 38
3 26 15
7 43 8
7 34 1
17 47 25
19 14 50
8 42 6
0 52 27
0 46 33
13 9 7
21 52 49
6 43 45
11 33 16
21 55 34
9 21 39
10 9 49
16 58 18
9 27 8
19 37 52
16 53 5
10 55 37
12 36 1
16 30 35
16 56 27
20 9 24
13 47 13
15 8 6
10 48 0
17 3 23
5 9 56
23 55 39
4 25 14
23 55 56
8 31 32
17 53 36
1 26 7
10 30 35
10 15 6
9 59 43
16 32 42
18 34 52
4 3 57
4 38 25
15 11 33
16 45 39
3 15 33
13 33 44
17 23 59
15 54 15
8 12 43
15 3 40
18 48 44
9 33 47
18 46 13
13 35 49
16 55 0
9 51 50
15 49 38
6 5 37
0 29 47
6 29 34
8 32 26
15 22 47
16 17 53
10 25 15
13 37 3
1 34 43
22 44 48
15 14 48
22 8 9
17 8 26
22 42 41
5 35 29
22 32 43
15 50 6
7 22 5
23 46 0
15 31 30
18 55 55
14 9 32
8 2 4
20 47 30
14 35 54
0 42 10
14 38 50
13 51 44
9 58 9
4 37 32
20 57 0
18 56 47
14 3 9
6 2 36
5 15 0
14 25 7
14 32 35
4 9 31
8 2 3
13 17 40
19 54 30
11 15 25
10 25 37
10 5 22
7 7 33
22 27 0
12 49 51
21 29 8
2 46 13
21 12 55
8 40 0
2 21 35
4 56 58
5 19 54
16 6 30
12 16 5
22 22 20
12 48 49
1 21 29
19 38 29
21 52 55
8 42 7
20 30 34
13 24 46
12 44 15
17 8 13
22 14 5
21 31 29
13 55 3
12 41 31
15 34 26
3 55 6
20 46 49
21 56 49
6 4 16
7 16 54
0 8 2
22 6 43
9 33 29
3 33 23
11 24 30
18 51 16
13 37 54
12 3 33
13 50 8
16 43 16
13 54 39
12 31 56
1 46 14
11 49 39
15 29 43
18 50 40
23 6 26
8 55 44
19 56 41
7 43 46
17 48 17
8 47 25
13 18 21
15 20 43
17 13 22
1 1 48
2 35 38
6 44 10
18 15 13
3 45 7
0 29 2
5 42 59
12 33 30
23 54 31
9 17 17
14 1 8
8 0 34
11 17 11
17 44 36
13 45 8
16 27 7
0 33 7
9 50 27
21 35 31
5 24 0
9 51 3
12 31 29
11 40 38
12 17 36
7 52 26
17 47 12
2 14 43
23 50 25
6 45 3
9 25 17
23 22 51
9 37 17
4 22 2
14 15 47
5 12 21
20 37 55
1 51 5
1 11 54
16 35 59
1 50 58
2 5 59
1 7 21
19 19 13
5 6 1
11 49 59
18 42 21
1 20 38
19 8 53
14 52 21
22 8 40
4 18 56
17 43 34
4 31 45
8 50 28
19 38 15
14 45 55
12 30 39
14 3 47
22 27 11
10 51 40
6 38 4
10 21 55
6 8 17
11 26 17
8 33 18
6 11 55
6 3 17
16 55 31
8 56 51
15 51 54
21 55 24
15 49 16
5 13 46
19 22 6
6 22 58
15 50 8
15 21 1
14 40 53
4 32 48
20 37 46
11 40 53
16 10 37
12 49 57
12 52 49
11 58 55
20 29 22
21 39 57
8 5 56
19 7 47
6 15 11
13 42 36
16 42 58
18 8 56
15 8 22
19 27 45
5 37 39
20 59 50
2 31 54
0 1 46
22 51 41
2 47 48
3 10 33
23 43 25
18 17 19
18 52 0
2 31 19
17 54 5
4 44 14
8 51 44
6 20 39
16 46 0
11 49 42
9 13 1
10 35 10
0 39 39
19 33 34
5 3 55
13 58 37
4 57 17
20 53 2
13 28 30
3 14 53
3 48 26
16 27 35
14 13 33
17 14 27
14 36 39
18 28 42
3 51 45
3 38 43
10 44 10
1 12 25
18 25 51
10 34 7
23 5 30
19 55 29
9 7 46
12 17 58
1 30 5
8 18 21
19 25 51
9 52 13
17 42 27
11 40 45
6 44 41
8 18 43
16 10 14
11 18 56
17 3 28
0 8 15
23 30 15
14 5 55
17 30 24
16 51 18
14 39 33
11 37 33
21 35 15
17 23 7
17 3 9
12 7 13
2 20 53
20 1 1
0 32 36
8 11 18
16 4 3
16 41 31
3 59 25
11 32 6
16 56 9
1 18 11
1 34 15
18 30 40
10 35 47
11 51 41
10 57 19
12 49 47
21 49 40
14 33 47
6 18 23
11 10 58
3 41 33
7 41 21
19 41 5
6 46 8
20 56 36
15 55 3
0 1 10
17 20 23
12 35 50
9 37 40
7 5 51
15 41 43
13 22 27
3 54 22
9 44 27
20 39 3
22 36 25
22 20 30
7 32 55
2 9 38
13 36 36
22 35 4
17 51 34
23 20 37
23 38 29
18 9 11
4 27 30
17 23 27
3 23 1
1 11 8
2 59 17
17 55 57
22 52 55
7 32 12
14 53 38
16 13 51
23 25 53
22 16 57
21 55 13
22 30 10
13 52 1
17 1 49
12 59 1
1 13 54
3 5 44
18 51 20
18 1 46
23 39 34
19 47 31
16 29 1
15 24 16
10 9 48
20 26 16
20 27 28
7 45 50
7 0 0
4 21 21
20 10 26
1 44 57
14 47 48
14 43 34
7 23 3
14 2 1
22 11 45
15 8 33
22 19 54
0 5 12
19 17 39
17 27 48
0 10 13
15 11 42
14 36 47
7 0 57
17 57 39
10 58 21
23 12 16
6 45 19
7 4 29
21 12 47
18 8 31
3 18 29
7 55 58
19 44 50
3 49 24
10 0 15
21 28 33
7 40 6
18 55 18
23 52 4
15 3 48
17 36 52
18 4 8
1 50 23
10 8 1
3 36 22
14 7 23
2 40 28
14 29 27
3 42 52
3 57 57
2 3 22
20 21 46
21 49 2
13 14 59
15 17 56
19 4 47
23 5 20
10 16 28
11 46 59
0 5 20
15 3 58
3 37 47
0 48 19
1 43 22
9 19 5
10 6 50
6 49 49
7 16 9
5 23 26
9 42 25
5 49 34
11 28 28
12 30 58
23 14 42
0 32 8
21 28 26
15 15 30
2 40 49
3 48 27
22 35 59
3 32 23
19 0 15
22 24 3
21 58 24
23 54 29
3 52 54
2 56 39
0 2 54
0 18 2
7 1 32
9 33 48
23 3 50
1 28 32
5 6 34
15 54 47
21 36 23
13 55 20
22 51 45
0 55 27
2 6 58
7 23 43
12 4 7
14 33 24
5 39 33
10 17 21
16 56 49
7 58 20
10 10 54
11 50 52
10 29 23
23 59 8
3 47 49
0 41 14
19 45 8
19 57 39
8 14 56
14 32 29
16 55 8
21 3 17
17 10 38
8 50 32
22 3 25
4 32 3
17 6 37
13 25 3
21 54 57
12 53 11
9 35 18
21 49 23
11 20 5
11 15 34
8 29 27
8 43 37
5 48 4
18 34 26
4 58 0
22 27 56
15 26 10
22 2 3
3 23 26
2 9 0
15 42 38
23 4 20
14 44 25
5 17 54
6 54 31
14 38 26
23 45 16
20 27 34
8 42 8
9 53 2
21 39 12
14 44 46
21 25 1
12 35 52
23 38 52
14 26 52
7 41 43
2 37 13
6 52 42
4 16 22
16 51 46
12 12 11
5 52 26
11 46 7
19 13 23
1 23 30
19 13 14
9 50 43
4 1 22
18 9 57
5 2 13
15 56 34
18 57 12
8 30 57
3 44 58
14 51 18
11 58 12
8 30 53
2 37 49
4 26 54
9 45 18
23 49 55
13 22 37
1 54 35
17 29 20
2 55 49
4 10 6
2 12 35
9 12 33
9 46 32
15 2 37
19 42 22
14 53 49
16 50 51
8 42 0
16 54 57
15 35 10
2 13 30
7 23 27
4 44 32
18 25 31
6 56 48
15 34 28
13 5 42
9 53 8
14 50 43
19 21 53
8 38 52
6 48 58
14 8 44
22 55 17
6 1 47
18 9 46
20 6 41
22 38 47
0 59 26
5 17 56
22 52 27
6 55 58
16 40 50
12 5 58
12 12 0
11 6 32
7 53 21
4 47 51
10 6 24
12 5 32
19 44 19
17 20 41
23 37 48
23 3 18
11 8 30
0 7 48
6 2 46
17 17 51
1 28 10
5 2 33
9 44 23
5 4 59
18 11 54
22 40 22
5 32 21
8 11 54
2 32 7
16 1 7
22 23 37
10 42 24
5 24 49
13 12 43
8 2 39
17 23 53
5 33 42
1 25 26
8 44 17
5 20 13
7 29 17
21 45 55
18 4 30
1 4 18
13 11 31
21 32 30
11 51 32
5 58 6
6 54 42
9 13 16
7 21 59
4 1 11
7 42 54
5 15 51
9 28 38
14 53 36
17 2 35
2 25 35
6 29 34
22 38 41
2 48 24
22 51 51
3 55 22
11 53 29
23 56 9
16 2 33
13 54 25
5 33 15
19 1 36
0 35 38
6 14 21
14 20 14
5 46 22
19 49 22
6 14 9
23 22 35
22 35 33
18 39 36
18 37 42
7 6 36
8 15 6
4 45 15
0 33 3
1 28 15
20 9 22
17 32 54
6 42 39
12 37 47
11 12 22
1 47 21
6 19 31
22 55 32
8 8 54
19 49 12
17 43 11
4 1 44
11 22 44
4 18 28
4 25 19
12 38 9
0 25 3
11 45 38
8 24 10
13 37 30
8 24 30
23 18 48
13 5 31
22 57 29
11 58 10
13 48 11
18 55 31
16 8 33
17 18 16
12 52 52
10 43 44
16 58 14
1 56 44
0 45 17
3 9 16
19 36 42
3 10 30
17 27 19
0 57 38
10 20 43
10 7 37
13 23 29
8 58 32
9 47 5
11 45 23
17 52 58
7 8 29
15 42 27
11 37 49
9 35 42
12 46 51
18 32 56
20 31 51
8 40 55
12 52 29
11 20 40
21 36 19
11 25 28
18 51 15
10 43 25
5 28 4
22 36 14
2 35 13
1 33 26
12 22 45
3 13 32
3 37 41
0 58 32
7 7 10
14 17 47
7 31 16
8 32 54
3 28 42
2 23 6
18 47 10
15 25 38
9 35 22
12 19 37
14 7 25
22 26 51
17 44 40
10 54 13
10 51 28
13 11 26
12 7 53
21 21 2
23 13 7
12 26 6
20 50 45
12 36 23
14 1 7
2 26 48
7 36 13
5 3 51
19 28 54
3 10 7
17 44 17
23 47 13
21 53 47
19 22 26
1 38 21
3 54 39
23 57 45
20 22 19
19 49 34
5 52 9
19 32 41
11 0 13
15 36 19
8 22 33
3 23 46
15 40 25
0 35 50
23 50 30
14 20 8
8 30 11
7 39 3
7 33 21
9 26 48
17 49 42
6 4 34
9 14 35
14 3 2
14 13 57
10 11 40
17 47 59
13 34 14
12 11 27
14 17 29
15 48 55
1 36 55
6 32 8
21 28 9
7 50 8
1 26 10
6 10 6
9 12 24
21 10 12
1 26 59
19 33 57
10 41 8
10 12 11
7 37 23
19 9 44
16 8 16
1 30 7
7 23 19
1 10 35
0 17 12
1 30 43
5 0 0
4 5 5
7 51 59
4 9 34
16 36 3
21 27 55
2 22 20
2 38 11
17 47 3
2 19 50
18 44 36
21 49 49
6 28 31
22 28 13
2 12 36
21 48 29
15 37 8
2 40 23
15 15 5
18 18 31
14 20 33
6 4 24
19 32 15
15 12 20
7 12 41
10 29 44
12 50 55
22 15 13
11 12 32
10 57 7
2 50 40
21 2 23
6 50 26
0 39 15
7 45 29
10 18 43
3 8 54
13 17 3
17 26 27
12 26 21
2 15 53
2 12 38
1 49 1
5 25 45
22 29 49
0 10 54
7 42 37
9 25 50
8 39 17
4 21 24
12 50 4
19 52 19
21 18 35
22 57 25
9 19 38
8 13 57
20 32 19
0 32 33
21 52 50
12 30 38
6 21 45
14 13 57
0 42 57
13 13 34
17 48 30
19 31 7
16 4 0
4 43 22
23 28 34
17 24 42
20 19 38
11 48 7
14 34 7
0 26 54
11 57 40
18 16 0
10 1 25
10 35 51
9 2 33
8 46 14
19 3 9
14 30 54
0 37 2
2 17 5
0 42 24
4 22 10
7 3 38
2 25 3
6 39 38
4 23 20
20 44 18
18 41 18
4 45 27
19 17 1
0 56 58
12 31 28
13 20 56
16 18 6
0 39 45
16 26 38
21 48 39
6 36 49
23 39 29
13 8 47
2 52 49
4 28 21
19 49 33
15 56 26
1 53 46
8 24 15
16 14 39
19 12 35
11 34 23
6 40 38
21 12 8
0 13 26
11 33 19
16 20 21
2 43 41
12 28 33
4 14 19
21 38 9
6 46 39
3 15 2
18 40 55
9 48 10
3 15 4
13 2 43
18 10 14
17 20 11
14 5 9
16 39 53
0 47 53
14 38 46
17 15 40
10 58 58
19 21 17
22 9 48
17 36 33
1 51 21
15 13 9
11 15 12
9 8 31
13 1 47
22 14 54
21 48 8
19 1 57
7 32 11
17 54 54
23 53 48
12 45 13
21 16 16
1 26 5
14 14 2
23 30 16
6 38 9
7 42 33
9 55 58
21 30 41
23 13 6
22 38 57
18 51 39
20 52 17
21 39 18
5 1 27
7 18 40
3 42 30
12 11 3
18 50 49
17 17 11
7 48 31
12 34 23
17 11 6
12 47 52
19 43 25
8 13 27
3 53 53
12 15 48
19 27 59
1 16 30
19 29 48
14 30 57
17 52 48
12 37 16
21 4 36
0 16 9
12 17 57
6 52 51
11 45 57
21 12 23
10 40 6
13 48 6
7 35 55
15 41 59
20 15 58
12 16 6
20 4 30
7 24 49
14 24 26
22 54 58
14 49 47
6 4 55
14 33 19
1 5 34
20 3 9
1 10 24
3 37 5
21 56 25
3 54 32
0 25 57
9 0 32
23 5 7
14 54 18
9 59 56
0 16 46
8 9 9
21 53 31
17 56 16
5 7 33
11 41 32
6 31 16
7 21 41
20 40 1
13 7 39
21 31 19
19 44 32
18 35 18
19 18 55
8 9 4
22 13 12
11 24 59
19 4 48
19 38 41
11 32 31
18 19 27
3 49 31
6 54 5
20 58 52
11 3 9
6 47 58
23 19 34
1 0 31
21 27 19
16 4 44
8 51 23
7 13 9
10 21 41
3 6 37
18 42 9
16 22 26
17 11 8
9 49 45
23 28 35
18 56 3
6 4 35
1 53 50
8 28 29
4 55 26
8 10 18
10 2 22
9 46 7
5 9 14
19 5 1
13 49 4
7 34 32
14 29 41
14 42 33
16 16 17
20 30 13
8 27 18
23 59 51
5 55 59
11 53 1
20 3 40
23 24 51
11 22 37
14 50 43
5 16 46
1 11 38
14 34 18
23 22 37
14 54 21
9 16 8
19 31 42
14 41 40
10 17 36
14 25 8
13 48 1
11 3 26
23 18 13
8 33 33
13 44 3
18 57 31
5 10 10
9 27 24
7 26 18
9 54 40
5 35 11
20 7 44
2 47 5
14 19 14
2 10 42
15 24 8
3 49 31
5 7 55
16 6 17
17 20 54
16 56 59
11 12 15
13 19 19
4 13 39
11 4 17
2 51 13
20 59 53
13 28 49
14 49 1
11 2 25
5 27 37
2 43 8
15 49 49
14 47 3
21 46 15
11 12 19
19 27 45
15 20 57
11 33 8
21 8 57
17 8 53
20 9 34
19 31 25
20 13 52
10 49 35
15 4 38
0 9 11
6 1 31
8 56 27
21 58 54
9 5 57
6 18 10
19 44 33
13 44 34
15 20 26
19 5 52
0 11 51
22 20 56
11 55 41
15 59 36
0 19 18
9 47 21
7 56 42
14 36 42
11 5 14
10 18 52
7 28 19
16 40 29
5 40 41
8 16 34
4 46 30
13 55 22
14 50 19
22 44 17
10 43 48
0 48 23
18 40 21
11 30 20
3 57 58
23 2 7
19 34 36
21 50 1
13 8 57
13 11 13
14 4 21
6 56 50
12 32 0
0 31 21
0 54 7
18 6 41
21 45 38
0 8 56
17 42 15
9 10 7
16 0 44
7 9 20
20 55 47
5 59 21
5 50 22
10 9 38
11 21 1
16 43 46
16 1 12
11 33 14
16 17 29
9 17 46
10 22 25
15 40 17
4 42 32
4 19 7
1 41 39
10 18 29
10 17 52
8 29 49
18 16 3
18 25 39
10 59 49
11 19 48
19 23 47
2 48 38
9 22 38
9 28 12
3 35 45
1 26 33
15 40 53
19 15 29
16 52 59
8 23 52
11 52 19
16 13 5
4 38 46
8 57 4
2 22 50
12 54 29
1 36 35
4 5 37
0 29 19
21 56 42
21 46 45
20 49 16
0 14 59
11 40 2
15 41 25
0 29 18
0 47 25
11 3 3
19 39 0
23 17 48
23 27 21
19 25 59
16 23 8
14 8 54
23 19 24
19 49 24
7 13 9
8 16 56
13 48 24
2 45 38
2 1 49
13 25 11
1 34 30
3 53 50
1 59 8
14 1 31
14 0 15
3 32 30
21 28 26
16 6 56
23 35 17
6 10 38
11 29 53
23 38 32
19 48 58
22 21 20
13 51 13
19 12 25
0 52 43
6 20 11
2 52 34
0 32 4
7 37 50
3 14 51
13 59 17
11 56 28
8 32 1
7 6 48
15 48 44
13 12 36
3 41 46
17 3 42
17 25 56
3 55 43
5 1 44
1 44 22
11 2 56
15 29 8
13 6 44
7 0 28
1 28 28
17 6 33
9 29 45
22 49 49
10 51 17
1 11 21
3 40 4
23 33 20
17 18 8
3 59 39
3 29 56
6 11 12
4 7 57
22 6 17
6 45 3
17 30 28
13 9 23
11 40 49
19 34 34
19 21 5
16 15 9
0 53 11
11 14 13
10 39 51
23 14 14
1 40 46
19 43 0
19 18 54
14 24 8
12 8 38
20 34 21
2 7 27
16 39 37
10 55 48
21 16 28
19 43 11
19 39 44
0 33 48
12 3 35
6 44 46
5 31 28
6 48 53
4 36 53
0 55 26
11 37 12
13 55 47
10 6 37
11 16 38
6 33 42
16 4 21
21 36 27
3 53 14
18 20 17
11 22 48
0 21 27
0 20 51
11 44 10
12 41 13
5 31 37
15 2 29
2 57 46
10 16 20
0 54 5
21 38 34
5 27 18
22 45 23
12 49 45
23 53 31
9 10 39
8 38 33
23 21 5
7 10 22
8 37 19
21 6 16
11 30 2
13 12 12
4 57 35
11 30 28
14 51 34
0 16 52
13 36 45
7 14 7
12 23 22
5 10 39
9 26 22
2 44 4
14 7 4
21 16 57
13 23 52
17 20 22
21 1 22
2 10 4
4 31 35
16 52 46
19 20 15
17 45 24
22 33 0
15 12 15
5 32 51
8 59 6
11 36 42
7 17 17
6 15 59
10 31 49
12 14 3
20 27 11
23 52 42
12 23 25
9 53 47
13 59 13
9 14 18
10 35 2
10 14 38
19 45 16
9 51 42
7 59 40
0 5 2
6 23 3
0 52 59
15 19 18
1 22 17
12 5 52
16 1 1
22 47 31
23 50 39
8 56 15
10 43 40
1 45 40
9 51 52
15 6 59
12 19 12
18 11 27
23 16 2
10 55 36
23 27 22
21 13 13
8 41 4
19 0 43
3 9 43
22 38 57
13 46 31
19 13 20
16 25 36
19 50 31
0 52 52
8 58 11
23 49 13
6 3 41
5 30 0
22 45 57
22 5 28
12 23 57
12 44 41
0 47 10
5 41 26
17 17 39
5 40 22
20 50 12
10 54 19
16 34 24
22 15 54
6 29 6
11 50 5
5 18 37
0 17 14
19 46 54
4 22 37
1 5 14
15 28 2
19 48 56
15 20 18
16 5 56
23 12 42
9 29 32
14 50 47
23 10 29
4 1 55
16 37 39
4 54 57
16 56 41
21 7 2
5 18 0
4 55 32
18 45 2
7 59 39
15 54 55
14 23 40
21 33 29
20 15 48
10 41 37
7 1 32
17 29 39
3 44 35
18 47 8
13 23 11
2 56 18
2 13 6
3 15 40
16 3 26
9 46 44
21 5 56
12 18 54
4 38 52
18 50 8
23 3 18
21 15 11
6 17 12
8 17 9
5 1 36
3 54 3
13 58 52
16 16 27
6 30 47
12 34 28
23 50 32
10 43 0
15 10 35
0 58 23
1 59 54
19 57 58
11 56 29
10 21 15
11 13 59
4 12 21
5 2 55
3 24 52
2 37 18
0 46 39
19 28 13
5 13 47
8 23 10
21 13 42
0 37 27
6 25 25
12 17 39
13 22 47
12 17 23
5 12 35
14 8 7
22 31 49
9 17 50
12 43 22
2 5 29
13 13 27
17 32 50
22 48 39
12 48 10
21 32 0
15 18 59
3 33 24
16 15 14
19 21 56
6 28 48
8 51 2
5 56 10
14 16 23
20 30 6
8 56 53
10 11 54
20 4 20
19 7 22
4 52 29
9 33 59
16 4 3
12 25 17
0 33 12
3 33 23
21 31 48
11 14 30
17 0 17
15 23 31
20 52 52
22 51 39
14 52 5
9 30 33
5 1 13
9 46 54
1 43 18
14 19 23
8 40 33
20 2 6
18 19 49
20 11 49
4 57 31
2 33 45
11 4 1
1 35 0
21 43 13
10 53 50
13 37 19
23 15 55
6 8 56
1 22 31
3 42 48
6 6 54
5 0 24
20 27 1
1 11 44
22 1 11
22 3 0
5 56 1
9 52 14
7 56 41
19 1 59
14 59 54
5 43 33
1 58 28
15 2 35
11 30 14
4 16 53
15 3 58
22 21 53
3 41 23
20 25 16
6 55 58
10 50 2
18 29 6
9 12 31
14 13 32
0 52 25
14 1 2
16 38 28
13 25 18
12 15 12
8 53 54
9 23 22
5 20 37
2 4 37
13 48 45
2 25 36
10 44 13
20 2 44
19 38 29
16 44 14
0 58 48
2 32 58
7 10 9
4 41 52
15 18 7
11 8 3
13 43 15
11 54 54
21 17 39
12 34 1
4 25 51
10 11 15
10 53 33
7 30 39
7 50 38
1 53 42
0 7 10
16 17 42
2 12 12
23 37 52
19 12 30
21 17 23
0 49 21
4 44 30
2 37 5
4 14 26
22 54 38
8 53 27
22 16 46
9 52 16
3 29 32
11 52 59
20 6 4
12 37 13
0 36 25
10 46 12
2 7 32
14 21 22
10 42 52
18 1 28
23 59 57
0 1 28
21 50 54
1 41 58
21 43 29
20 41 9
16 43 12
4 41 54
17 56 39
1 22 33
4 17 47
12 4 39
11 12 52
23 37 57
16 36 29
5 25 12
20 18 38
22 44 34
6 24 36
1 8 23
2 10 24
20 17 13
0 24 52
4 46 1
10 31 17
7 53 51
2 26 6
18 29 6
17 48 37
17 34 38
14 53 41
23 10 8
23 21 29
17 3 45
3 26 36
18 37 44
11 51 2
13 52 35
18 9 49
6 39 40
0 8 31
15 54 48
22 23 54
4 7 14
14 56 31
23 49 30
2 29 36
17 26 19
22 6 40
18 13 26
10 35 43
5 51 4
1 56 22
18 47 23
1 44 44
2 15 0
0 12 44
8 18 30
15 42 33
16 46 59
14 54 50
9 33 24
19 47 13
18 20 36
21 56 39
4 35 34
20 45 28
21 55 20
2 28 20
23 31 23
9 0 11
3 27 48
22 31 54
7 22 0
8 31 26
23 35 41
19 13 35
12 13 27
17 19 49
21 30 4
13 4 0
16 0 44
11 10 27
13 38 38
19 8 0
8 36 27
0 42 45
17 50 2
4 2 43
20 52 35
12 39 48
5 43 24
17 41 12
1 41 2
2 33 55
19 47 31
3 48 46
8 27 38
22 0 45
21 31 39
20 6 45
0 41 5
10 16 46
5 46 51
2 32 49
0 24 40
13 46 45
19 52 22
2 5 37
14 35 14
23 54 33
15 8 14
11 22 49
15 11 3
5 59 31
21 2 4
1 46 52
18 37 29
2 48 26
3 42 5
9 29 45
20 46 53
4 13 12
7 11 25
2 9 25
2 25 55
21 35 14
16 1 31
20 29 58
18 44 55
22 31 25
1 42 58
2 53 59
13 9 21
6 55 5
6 4 49
9 47 19
18 41 3
22 16 59
17 15 19
2 4 30
22 28 13
11 53 9
18 7 24
22 5 51
5 16 35
15 36 56
0 40 27
6 32 38
3 22 18
8 54 14
1 37 22
17 39 2
9 43 31
5 23 2
21 38 11
14 53 36
6 56 4
16 6 45
22 26 38
9 19 10
21 18 12
9 37 56
23 57 39
14 54 24
8 53 30
5 2 49
9 14 29
13 39 23
11 7 36
22 57 38
4 32 50
20 13 38
7 27 1
19 17 24
19 33 43
1 9 42
5 53 49
12 29 52
22 7 47
19 25 31
20 34 19
15 15 58
21 41 1
14 52 32
13 33 14
11 31 50
22 4 54
22 59 57
6 33 18
21 20 45
17 7 12
7 34 50
17 59 11
12 5 50
16 56 18
23 9 58
7 38 12
11 52 50
11 58 9
1 51 1
3 6 40
1 43 10
15 3 35
14 5 43
5 41 21
17 17 1
2 30 24
9 15 1
19 0 9
7 37 10
4 6 17
23 20 46
9 3 15
18 57 34
17 30 8
9 41 9
13 10 45
16 51 52
18 16 2
12 27 31
0 27 26
2 33 38
2 31 33
8 10 3
21 24 38
11 37 43
2 6 29
7 28 8
11 6 29
6 31 20
19 47 41
23 6 56
0 7 13
5 8 20
13 13 50
22 52 50
14 8 18
16 29 11
15 46 26
5 5 37
1 28 44
4 19 53
14 40 29
18 46 42
12 25 26
21 56 7
11 14 17
4 16 25
4 34 58
9 57 50
21 39 53
9 59 42
4 53 25
6 20 39
2 7 23
9 12 3
15 34 59
6 32 9
17 59 17
18 32 40
18 24 19
20 55 14
0 45 8
7 3 4
13 42 49
4 49 59
21 27 43
0 48 45
11 16 21
9 48 5
7 49 34
0 47 43
6 5 33
3 9 59
0 34 38
14 37 13
6 2 2
22 16 43
12 10 25
2 7 15
18 41 3
2 14 56
4 8 38
20 43 47
19 8 43
6 35 38
9 34 52
16 34 50
11 34 2
17 38 31
16 10 27
3 17 6
5 41 46
14 39 38
2 32 10
0 36 16
6 45 37
14 56 9
17 57 50
20 52 7
15 53 49
1 25 6
20 23 0
23 36 42
3 48 25
2 39 22
4 7 9
8 49 34
6 31 17
12 0 21
4 49 46
8 28 32
1 31 36
9 5 28
18 20 58
23 0 41
13 4 9
8 26 16
16 9 5
1 0 16
2 36 45
20 48 25
9 51 27
7 47 36
2 58 7
14 19 24
22 37 1
19 33 18
9 28 4
11 30 48
16 1 20
7 52 13
13 58 1
1 0 55
0 30 12
4 46 32
13 55 14
20 34 50
23 48 22
4 4 27
13 5 59
23 1 29
7 46 26
22 9 41
4 59 39
3 2 1
13 16 47
8 57 51
18 25 38
18 2 6
12 21 45
0 41 12
19 48 11
3 34 19
13 25 3
20 25 39
13 34 10
19 23 26
14 50 40
23 14 30
19 58 30
11 37 18
7 24 38
16 14 42
16 44 7
19 49 22
23 6 14
5 39 45
12 4 18
17 3 0
0 15 40
12 4 22
21 11 30
0 14 4
21 10 20
0 7 2
1 4 37
19 25 51
1 5 20
20 9 51
5 43 14
22 34 46
2 42 16
13 38 37
10 57 48
2 12 28
5 47 42
8 48 37
5 27 5
7 5 23
20 0 49
20 9 37
6 51 44
6 33 2
0 32 29
8 58 17
17 22 54
10 32 7
15 34 55
14 43 15
4 48 44
16 31 28
1 24 24
18 58 52
2 22 38
6 8 54
4 59 24
7 24 48
13 38 37
15 56 11
12 42 29
23 18 28
18 17 50
14 48 45
6 0 25
18 23 39
3 37 16
9 16 4
18 39 21
4 58 3
5 55 33
22 42 43
17 9 19
23 53 43
16 38 51
6 40 56
15 13 16
2 51 29
5 27 26
2 30 30
2 25 10
22 41 52
17 58 15
22 57 3
2 34 44
0 39 31
6 29 38
21 1 4
20 27 0
7 55 35
3 4 28
22 53 14
20 42 43
2 23 17
21 40 9
0 26 7
7 31 38
4 29 52
0 13 37
11 43 28
9 43 40
13 49 27
3 28 32
7 29 39
18 2 3
16 35 5
20 15 40
7 28 58
18 42 46
2 23 30
12 24 54
16 50 23
1 44 42
4 9 17
15 21 10
23 43 53
8 30 42
4 52 3
23 3 43
18 12 37
6 27 22
7 47 21
12 25 34
21 8 14
2 58 52
17 25 7
17 9 4
21 22 58
20 50 28
19 42 35
20 12 26
19 35 25
12 55 14
11 41 33
5 51 3
14 47 55
0 9 25
20 23 33
19 28 7
8 51 0
22 44 39
1 2 29
12 49 31
4 57 10
1 41 8
7 41 31
20 26 11
23 44 43
21 24 36
10 45 44
13 40 16
13 24 27
4 41 15
7 28 10
3 27 22
7 38 29
22 14 29
12 17 41
8 20 21
6 35 35
20 9 4
12 31 14
9 33 2
12 6 5
21 39 12
1 13 40
15 40 40
12 41 56
5 16 28
17 41 43
17 19 46
5 37 45
16 27 54
7 32 3
17 37 29
21 14 7
10 6 48
6 7 1
13 6 52
3 51 22
13 26 38
4 57 50
9 2 34
17 27 9
19 10 6
14 9 30
3 46 39
6 55 34
21 17 47
11 40 42
21 49 32
22 38 11
12 53 4
18 23 34
10 9 14
1 19 28
23 23 18
22 0 17
13 20 8
1 31 29
19 37 57
23 34 54
12 31 7
22 51 30
12 46 38
21 55 47
7 17 11
11 47 55
13 26 21
18 22 15
7 52 2
14 31 37
18 13 5
14 21 3
14 48 56
16 44 10
8 58 5
8 20 45
6 11 33
21 13 32
11 48 38
4 28 13
17 38 10
9 9 0
7 4 36
15 28 30
23 30 16
2 33 48
5 17 42
0 27 32
7 25 53
1 27 25
11 18 23
5 12 23
22 40 58
21 49 17
0 55 8
22 2 57
18 9 34
4 53 40
20 20 48
2 37 30
15 26 1
8 19 44
22 13 6
13 58 9
13 46 30
10 33 29
23 1 45
12 5 15
20 2 3
20 22 42
1 15 11
23 56 54
14 4 12
22 21 49
12 13 21
2 24 31
13 6 15
14 49 11
6 3 47
22 16 39
6 44 42
14 42 30
11 38 47
15 48 51
13 19 16
20 9 15
2 35 15
19 10 9
9 34 22
6 29 4
19 29 2
17 5 2
5 36 28
4 5 42
10 29 7
5 52 35
13 32 20
19 10 49
5 13 43
1 24 23
2 49 54
11 54 2
18 8 6
13 12 36
19 12 35
14 24 14
1 0 40
4 39 6
1 53 31
8 35 19
17 35 39
20 42 32
18 5 20
9 14 21
7 3 51
3 56 29
10 52 57
18 23 51
9 29 13
9 47 29
22 48 23
13 33 7
2 45 56
21 9 40
11 19 59
17 41 39
15 56 20
13 23 14
16 0 17
1 58 14
10 56 59
4 7 13
21 59 7
21 13 53
2 17 4
1 12 43
5 33 59
13 35 25
15 13 32
0 39 19
12 31 3
0 47 52
12 51 21
1 44 44
11 31 47
19 52 41
0 58 0
13 40 21
14 25 0
3 45 44
15 5 43
11 18 8
16 0 18
6 3 24
20 27 40
10 34 20
10 6 40
16 50 12
13 24 50
23 21 57
7 36 19
5 15 27
12 21 58
10 44 25
6 58 46
7 25 45
14 16 18
0 51 23
17 45 59
1 49 52
1 49 56
18 12 5
11 57 36
15 18 4
13 19 9
4 10 36
8 29 18
0 24 17
7 11 55
18 43 5
11 54 5
18 40 16
9 57 17
23 35 32
14 58 4
1 48 24
19 59 39
0 6 35
13 20 0
14 16 42
15 57 54
0 43 22
4 51 46
16 19 49
18 30 5
10 34 59
5 26 2
12 31 35
2 19 23
1 14 27
12 30 36
20 10 35
0 35 36
22 54 35
7 39 29
20 36 22
23 31 25
17 34 13
3 42 22
0 57 46
19 37 7
7 31 51
18 50 42
21 47 53
13 55 13
21 51 34
5 19 20
17 37 33
3 17 29
2 1 18
19 35 17
2 45 11
17 9 46
10 14 17
5 23 30
23 24 19
21 46 48
3 6 56
2 49 47
7 58 26
21 11 6
6 0 19
14 30 34
22 43 34
6 46 40
22 57 55
13 29 58
4 2 51
1 52 55
8 43 17
20 6 19
10 37 59
7 47 0
23 53 50
13 49 54
16 45 34
4 50 21
5 8 29
15 33 57
22 9 55
1 59 39
12 41 23
6 48 12
2 11 6
12 13 44
8 16 27
19 53 34
2 18 54
15 35 9
4 48 12
16 41 29
21 17 49
15 33 30
18 16 55
11 8 31
21 32 43
2 32 49
22 37 48
16 5 53
13 18 7
11 54 32
12 5 33
1 48 40
12 1 34
1 43 19
8 26 4
0 45 11
15 6 3
10 31 11
23 43 19
1 24 52
4 59 1
15 8 58
9 55 19
20 26 29
16 28 48
6 20 23
6 25 22
16 58 58
0 15 2
23 43 45
8 48 59
16 18 6
14 9 7
22 5 40
15 56 56
14 28 13
18 0 5
22 5 33
3 5 58
12 49 32
17 24 49
4 12 3
22 53 1
11 42 37
0 24 44
23 4 5
10 7 58
8 16 52
23 10 54
4 59 3
12 16 10
12 52 44
20 28 18
11 43 48
23 50 24
16 43 32
6 10 23
15 53 34
6 44 53
15 0 41
8 13 28
13 59 12
23 36 29
22 18 28
7 4 54
12 0 30
20 34 34
11 48 40
17 23 47
23 22 44
15 53 3
10 48 30
7 26 48
11 20 5
19 59 21
19 33 13
14 17 20
13 26 4
8 41 52
18 3 13
9 45 36
19 47 31
6 58 2
21 57 48
11 1 14
11 21 39
22 49 38
4 40 57
4 4 39
14 17 25
15 49 53
19 34 59
23 47 8
22 24 54
4 21 40
3 12 58
2 20 0
20 20 59
4 17 24
13 45 14
10 51 49
11 6 17
19 48 54
15 40 5
0 44 10
19 28 4
11 4 11
20 40 22
3 52 16
21 8 29
13 27 24
9 43 1
8 59 15
5 50 54
11 54 6
21 11 26
13 26 46
18 8 27
5 7 25
17 22 40
23 6 54
15 5 18
21 11 58
15 55 49
10 38 15
23 36 36
9 7 10
5 45 30
3 50 23
23 1 53
19 53 50
17 43 35
5 13 47
12 12 28
1 49 39
4 8 17
18 40 43
1 24 59
1 50 46
22 55 42
13 5 4
17 32 33
6 39 42
0 45 29
15 17 43
1 34 3
3 16 31
21 33 40
9 19 15
18 14 34
9 16 17
23 19 50
0 46 57
13 19 39
1 31 46
2 39 33
6 39 18
12 13 15
20 50 18
18 49 33
9 49 4
2 9 39
13 5 7
6 56 12
22 15 3
0 37 24
3 35 52
11 42 26
17 21 10
6 8 28
23 11 7
15 56 6
20 46 8
15 48 38
15 37 54
3 34 24
2 9 58
21 2 56
2 58 22
20 23 21
12 27 50
8 33 35
2 30 32
20 53 25
21 9 3
3 39 14
18 26 22
12 4 52
13 6 59
13 4 5
19 40 26
16 4 39
6 16 47
11 51 23
5 45 5
19 7 49
23 5 37
5 19 38
22 44 8
16 27 36
9 27 4
22 24 13
11 25 15
8 23 8
11 44 13
11 28 37
8 54 19
18 30 57
8 13 30
18 29 34
9 33 56
21 59 53
6 18 51
20 57 52
1 15 46
17 54 59
11 36 39
19 22 9
7 14 28
23 54 23
18 35 32
5 38 57
20 32 16
8 11 11
16 34 22
7 13 32
3 20 22
1 51 25
1 25 53
2 34 0
13 44 54
20 53 27
2 27 56
0 29 4
8 7 36
9 41 44
14 20 15
14 5 37
1 40 5
12 47 6
16 17 2
2 50 26
3 52 29
9 59 59
12 53 54
3 0 44
6 19 44
10 35 52
21 36 23
10 56 3
1 18 11
14 43 0
4 1 40
23 30 12
14 9 10
17 11 44
22 30 26
1 59 4
0 24 22
2 30 17
17 7 52
23 0 6
22 7 13
12 23 48
22 59 14
9 0 10
17 5 33
15 49 39
9 18 11
20 28 41
20 13 48
7 24 43
7 36 33
18 38 36
16 34 43
12 47 10
20 0 25
22 28 4
22 2 13
23 3 27
14 15 35
21 3 57
11 41 30
8 49 18
4 53 24
0 8 21
16 45 17
23 57 35
3 28 59
3 21 55
14 17 59
8 7 31
1 57 15
22 37 26
12 3 57
14 35 14
23 10 41
3 54 5
11 59 38
2 27 5
15 33 28
18 36 44
20 46 40
11 30 54
16 30 42
0 15 5
8 37 38
4 31 26
13 33 15
14 12 36
15 49 36
22 32 43
22 16 26
7 21 0
13 57 46
15 40 21
15 37 43
4 52 24
19 47 51
18 55 8
15 10 37
2 11 38
10 48 19
15 16 52
0 27 18
8 2 24
9 44 27
9 2 20
17 11 38
4 24 18
4 3 47
9 19 20
6 40 54
23 16 27
12 25 46
4 55 29
21 15 19
8 40 47
23 45 30
6 58 49
21 26 12
0 28 48
8 54 56
2 1 27
6 54 7
7 59 0
8 36 43
19 21 54
18 25 56
9 10 8
11 38 47
12 41 27
13 42 58
21 6 24
19 2 35
18 19 47
3 2 8
7 29 48
16 39 38
4 12 26
13 12 9
3 30 0
14 30 26
12 2 18
3 25 57
19 31 50
8 43 57
17 54 53
6 10 34
21 51 51
6 2 35
7 8 57
5 35 38
2 10 21
8 11 21
7 33 25
20 34 47
13 42 27
15 32 1
9 23 55
22 11 39
17 17 12
23 27 20
14 6 19
21 11 47
5 56 35
21 4 35
17 59 17
15 43 9
9 8 43
18 27 36
2 52 49
4 56 28
20 40 1
8 56 50
11 46 31
7 48 58
13 49 20
23 34 57
17 43 2
8 5 50
5 57 10
13 31 8
20 46 32
12 56 1
8 28 15
16 20 22
1 26 50
10 52 54
9 29 24
10 41 34
8 41 48
15 50 39
18 22 2
22 29 47
23 3 36
18 42 16
15 22 31
11 46 1
11 32 40
7 18 57
21 25 5
21 26 1
12 56 3
3 30 2
8 3 0
7 4 11
8 12 50
23 3 52
2 22 46
17 40 28
14 33 44
10 35 25
19 50 7
7 20 20
13 52 6
5 31 32
0 0 57
3 58 35
12 19 50
7 1 48
7 32 3
10 32 37
16 0 57
17 29 45
1 33 16
21 17 57
19 17 51
18 36 13
20 4 32
18 29 36
4 51 36
11 37 52
4 20 4
5 47 39
22 12 4
10 44 36
19 43 25
20 45 12
5 52 49
14 54 57
3 58 53
19 19 15
14 33 57
0 9 48
14 9 43
17 24 31
1 50 11
8 8 19
23 22 36
5 53 20
14 10 47
18 49 59
18 29 42
1 44 44
18 2 30
14 35 8
22 15 10
10 56 0
11 55 34
21 39 8
21 11 3
2 4 57
9 51 42
23 44 27
6 30 35
12 40 26
13 21 10
17 6 16
15 22 44
5 34 48
21 25 14
4 54 6
23 39 39
20 38 41
4 35 42
17 50 0
13 42 12
0 55 58
7 1 52
10 44 58
16 39 25
16 36 18
16 18 3
1 10 47
3 6 26
16 0 19
0 40 27
15 45 34
13 9 53
22 4 9
20 15 28
10 24 45
13 46 6
21 47 43
7 2 10
14 32 55
15 55 28
10 31 53
10 46 8
16 13 44
21 39 8
2 41 59
3 38 57
3 25 40
14 15 40
23 1 42
17 17 50
15 36 40
17 13 5
12 12 7
7 2 59
5 25 54
13 7 7
2 59 40
13 38 45
10 34 6
11 29 11
13 32 33
18 51 40
11 40 51
16 39 1
20 19 8
6 3 52
7 3 30
9 57 52
0 39 30
7 7 30
5 40 15
15 49 23
10 55 23
15 41 11
14 25 55
4 20 50
1 0 56
0 59 32
16 51 47
18 19 23
18 16 30
5 41 55
21 27 34
11 39 51
2 55 35
23 0 41
8 22 22
8 8 20
8 1 48
14 27 25
8 10 2
20 21 3
4 29 43
6 12 45
22 4 0
18 0 51
0 9 30
4 27 38
7 30 34
11 0 54
1 17 36
2 24 52
1 33 11
13 11 53
9 21 43
0 11 23
18 33 30
23 50 20
12 37 46
1 45 58
15 46 29
8 40 33
8 43 47
11 16 40
9 16 8
17 56 25
22 57 6
3 5 35
1 56 43
1 38 57
13 41 3
15 9 0
1 52 28
19 18 0
15 40 50
19 47 38
20 51 28
17 10 21
14 3 1
6 33 22
6 45 17
17 28 4
8 43 58
12 39 41
15 19 10
8 27 56
15 50 24
15 49 23
18 45 17
17 58 49
1 38 20
22 42 3
6 28 48
8 19 11
18 11 31
17 42 47
16 58 49
7 54 54
19 6 11
4 29 22
4 4 46
9 42 4
20 51 36
8 27 9
1 52 11
22 22 43
3 30 21
6 28 40
4 46 58
1 22 32
12 36 11
23 9 21
21 11 3
3 9 35
10 13 42
18 31 9
5 15 36
19 14 6
2 20 48
7 2 51
10 46 5
9 1 8
22 50 35
22 54 56
23 9 25
19 52 21
14 28 53
7 45 43
7 3 2
2 19 54
7 54 41
14 14 39
7 55 13
12 18 13
19 29 18
15 40 0
14 53 6
5 21 28
9 36 14
8 45 28
20 16 41
22 41 32
10 43 8
10 26 3
11 32 10
6 31 49
17 49 7
1 20 53
19 8 31
23 42 57
10 41 31
22 7 49
19 45 14
11 23 57
17 23 12
3 52 17
12 34 48
18 36 29
8 35 20
12 36 58
12 43 10
13 43 27
3 38 0
9 40 30
2 0 35
4 41 59
23 42 35
10 21 14
22 20 31
7 13 40
6 13 26
21 57 21
9 16 6
13 51 44
14 17 23
11 53 20
11 18 9
4 27 15
22 31 28
6 27 56
9 48 23
5 47 41
11 14 51
7 28 52
13 25 12
19 10 36
9 26 46
8 33 43
0 54 57
1 0 45
23 44 56
10 1 57
15 19 29
1 57 48
9 13 32
9 8 31
12 29 41
15 20 8
15 22 18
9 13 56
13 4 2
19 29 49
19 25 35
21 33 32
16 39 38
9 3 13
1 50 35
22 48 50
9 14 13
20 51 1
9 11 8
21 56 34
13 1 14
14 23 51
13 0 24
6 10 10
0 26 16
0 54 36
6 7 56
2 58 5
13 27 0
1 30 12
14 33 52
8 55 58
20 14 54
0 14 14
19 38 25
10 6 31
2 6 46
6 6 9
13 5 49
6 24 3
6 35 36
3 28 59
4 14 45
22 48 1
0 2 59
1 56 16
2 57 15
20 44 48
5 27 10
1 15 51
23 48 17
21 36 19
20 15 39
10 54 40
9 26 18
12 29 22
11 34 56
4 52 9
15 30 50
4 38 13
3 7 33
9 40 35
16 8 27
21 50 28
4 19 26
12 41 39
3 38 34
1 21 5
2 23 58
20 40 46
18 4 5
3 3 50
2 15 15
3 27 32
14 29 47
20 33 10
17 17 48
12 49 13
14 12 24
9 32 1
23 34 39
14 14 26
2 3 23
15 32 10
12 7 0
16 12 4
22 29 31
20 48 13
12 27 27
22 13 53
16 29 56
13 19 9
13 49 31
23 16 1
3 16 47
6 23 3
21 56 23
16 38 33
12 0 45
8 24 33
14 27 56
9 11 50
10 45 45
16 43 46
14 20 7
12 37 54
15 51 27
5 5 10
22 32 36
19 0 33
2 30 13
21 41 37
19 50 48
10 54 32
14 20 57
4 13 12
15 33 55
7 25 8
17 45 7
3 36 12
11 2 18
17 4 39
10 42 5
16 40 13
20 53 50
17 43 52
17 7 22
1 25 48
6 33 45
2 54 13
7 1 15
4 15 41
5 4 3
8 40 18
23 14 33
0 59 48
7 29 47
6 21 33
20 3 17
8 52 13
6 17 31
20 29 39
7 53 39
12 37 46
14 23 25
17 35 26
16 14 20
2 49 43
21 56 39
6 49 32
0 0 3
16 27 14
13 27 52
5 26 38
23 48 4
13 26 4
17 52 20
12 11 39
9 24 44
12 9 29
22 26 2
23 21 8
21 18 31
6 37 7
21 16 51
3 51 43
13 44 58
11 51 56
7 33 57
13 55 44
4 53 52
17 17 24
6 37 18
2 9 17
4 20 35
23 48 29
13 15 28
15 39 57
14 12 48
21 47 42
16 6 56
0 11 1
19 55 36
2 32 40
11 4 2
2 24 48
7 39 57
13 18 34
7 13 34
12 9 18
6 0 54
8 12 33
23 53 49
5 15 6
8 54 3
14 48 33
2 30 25
7 35 0
15 39 57
23 42 31
5 1 7
23 17 49
4 56 25
9 13 21
12 0 26
12 20 14
20 59 54
21 46 10
18 33 6
17 33 13
4 27 29
16 46 45
17 12 32
13 11 38
1 39 57
5 30 50
0 2 15
18 40 12
23 42 52
20 57 30
23 21 36
16 16 9
8 2 31
4 5 51
15 7 5
12 39 45
3 55 49
8 5 43
6 21 31
19 28 46
0 28 50
9 24 51
11 26 23
21 48 58
8 59 38
11 30 10
7 16 11
14 34 43
21 59 11
2 31 18
12 37 27
13 42 19
14 34 9
21 43 30
10 43 32
0 6 54
21 28 9
11 55 45
4 5 52
16 4 10
8 44 32
0 23 14
23 17 36
23 58 57
19 51 15
22 59 53
12 19 47
2 4 10
23 41 59
0 18 15
16 19 40
10 43 7
20 2 56
14 30 48
16 56 38
13 2 59
8 34 53
9 27 49
10 10 33
23 53 57
6 1 32
4 31 39
15 28 5
9 19 14
4 6 1
14 8 15
20 12 37
23 2 45
10 23 23
4 42 54
2 11 36
15 0 22
4 9 52
6 55 12
16 42 40
14 14 23
16 1 13
0 7 4
14 51 29
3 48 38
13 33 9
17 4 11
6 15 49
0 51 45
18 0 21
15 59 2
7 6 19
19 24 2
18 57 57
8 54 44
17 49 35
15 54 59
20 9 52
0 13 6
0 41 44
0 22 12
0 43 22
2 33 36
13 25 11
11 32 42
20 22 57
4 28 31
5 2 12
15 24 52
9 50 46
13 36 21
19 22 25
19 31 15
9 58 54
2 9 21
5 33 46
15 5 1
17 9 29
10 28 58
10 51 39
21 8 23
16 44 17
11 53 20
17 56 25
5 28 36
8 22 8
11 24 15
23 6 48
11 25 59
18 37 19
12 28 49
8 0 56
8 25 11
9 5 10
2 7 49
15 7 56
12 39 9
17 56 55
2 34 13
14 29 49
4 31 11
12 30 2
1 56 57
20 56 56
15 42 36
3 13 18
8 13 4
21 38 9
22 55 12
18 34 15
20 59 17
22 28 3
4 4 19
23 58 21
1 32 42
12 57 31
8 49 27
23 48 2
20 13 37
17 24 41
3 16 40
10 0 33
15 7 50
6 46 47
5 1 7
23 42 19
12 56 51
18 11 37
5 1 38
18 24 30
15 12 49
5 21 15
9 25 26
21 11 52
13 1 45
14 17 35
5 44 38
0 56 58
11 22 31
22 12 29
6 35 27
14 50 43
21 34 44
5 15 24
19 0 23
5 28 13
18 18 6
19 23 55
5 33 57
15 31 11
1 16 40
20 22 22
5 38 13
5 40 28
15 3 10
15 22 55
2 54 44
1 39 0
22 39 43
18 40 30
1 1 2
7 35 41
7 8 15
18 37 38
21 11 44
12 56 2
15 10 43
7 38 0
11 46 35
16 22 7
14 32 58
19 19 22
23 11 35
5 18 15
21 37 17
19 7 11
14 5 27
13 46 6
10 7 39
7 4 27
3 40 26
7 10 4
19 59 33
19 8 1
6 49 34
13 40 30
7 47 7
22 57 13
11 10 41
8 25 45
0 24 10
8 16 52
4 57 16
23 22 38
12 58 13
20 35 32
16 17 0
13 33 14
12 6 12
10 19 35
2 46 35
12 50 55
6 55 36
20 25 46
21 7 2
1 43 53
4 39 49
6 29 29
3 6 34
7 43 21
3 3 48
22 48 52
4 7 58
11 27 33
5 32 1
16 18 42
5 18 9
16 32 17
0 3 23
5 7 20
11 49 8
3 8 31
5 21 44
16 3 46
5 6 41
14 12 57
11 35 4
12 34 16
5 43 29
22 44 58
1 15 54
18 46 14
4 10 49
23 19 49
21 25 41
7 31 39
18 54 17
13 24 31
18 3 42
9 1 53
15 53 54
1 4 41
20 36 29
4 8 41
9 35 22
20 20 11
18 9 8
20 47 36
4 19 29
1 55 44
0 38 16
20 49 11
11 54 28
2 36 47
19 3 51
15 17 26
23 25 17
1 58 47
3 18 36
8 16 13
10 31 31
19 1 49
2 12 40
20 49 55
10 19 31
22 10 17
16 34 17
6 24 12
18 55 50
3 48 55
2 47 22
6 11 8
0 11 21
18 9 41
18 44 42
16 23 16
3 36 54
7 36 39
11 1 24
3 51 14
6 58 32
12 32 18
18 1 38
1 1 58
23 37 53
13 58 42
1 28 38
1 2 8
21 25 11
7 27 52
9 8 31
0 26 28
2 44 30
7 36 49
22 0 48
14 45 58
17 17 22
10 58 21
12 41 43
22 53 43
15 54 7
11 32 47
1 44 41
4 17 55
19 18 6
6 11 15
3 23 51
11 46 43
13 47 7
9 52 48
0 16 57
3 24 38
8 41 50
6 54 13
11 27 23
15 7 1
5 19 52
21 9 37
13 17 52
19 3 27
11 52 40
4 44 20
19 40 46
11 51 44
18 50 1
16 59 50
9 44 55
22 7 48
22 4 48
21 6 4
0 48 18
21 43 27
0 31 9
17 48 1
21 21 49
5 59 58
22 13 33
14 30 32
20 5 36
1 13 53
3 34 19
14 15 42
17 55 15
15 56 52
12 59 41
19 44 55
20 3 8
16 27 10
10 59 11
13 10 40
15 16 35
7 13 21
4 23 20
22 28 11
4 46 22
16 18 31
11 30 30
8 56 15
7 36 25
7 33 52
13 9 31
12 58 27
20 10 32
22 57 16
18 28 11
11 58 12
14 13 40
17 0 46
22 10 49
7 9 20
13 50 20
16 53 23
20 26 39
22 24 4
1 17 52
0 0 10
16 14 0
0 13 16
1 46 12
0 0 19
14 19 57
11 8 52
6 14 19
0 52 2
3 27 45
14 6 13
17 18 10
1 18 40
17 29 1
16 17 8
1 52 45
14 38 56
10 37 18
2 51 50
3 3 40
0 0 19
21 16 42
6 16 0
9 27 19
21 25 52
3 31 56
12 54 25
8 21 2
9 9 8
7 42 6
6 18 39
1 35 4
22 15 34
2 22 24
11 6 27
0 37 35
16 41 11
17 49 58
2 42 52
11 36 5
17 3 27
7 11 48
16 59 49
19 59 58
15 43 55
18 54 33
7 21 27
20 47 23
8 14 50
9 28 2
5 36 28
3 2 37
10 25 51
5 58 37
23 57 32
23 20 11
8 46 23
21 34 6
7 19 40
9 56 7
9 38 35
21 50 54
6 25 37
3 33 15
23 6 34
22 26 6
19 28 38
22 17 57
19 1 19
22 56 55
9 39 57
18 22 51
5 8 5
19 35 36
10 26 11
9 0 5
22 14 5
5 23 29
21 16 18
9 5 2
1 1 55
1 12 55
3 13 15
11 57 33
10 50 5
5 43 58
4 29 42
20 58 20
7 41 47
9 39 37
8 53 31
21 41 8
17 58 32
5 22 59
14 36 55
9 18 54
0 5 26
3 37 46
13 47 25
7 39 7
16 0 57
15 57 48
18 5 6
21 15 23
18 31 32
19 22 4
21 27 12
1 3 27
8 20 58
10 35 35
13 1 25
9 47 21
9 1 2
21 16 2
23 16 10
12 39 36
7 20 6
23 11 45
0 59 25
0 47 12
0 34 58
20 48 33
10 44 13
21 14 7
6 34 32
6 14 40
22 13 3
5 1 3
14 47 11
14 11 50
7 24 13
4 8 0
9 58 32
9 13 42
7 57 20
10 11 47
18 28 11
13 23 51
8 8 2
1 7 35
23 0 18
16 44 40
10 21 46
3 22 33
7 20 2
8 46 5
12 50 26
2 59 55
23 12 2
9 34 12
5 22 4
9 45 44
7 48 32
8 55 44
4 21 25
17 55 34
4 2 55
2 48 59
6 27 31
14 0 30
14 27 18
2 59 58
2 21 25
22 5 3
22 8 12
2 52 19
9 50 52
6 56 28
19 40 6
12 55 44
5 17 9
5 12 10
3 51 16
7 5 39
12 3 14
14 11 18
18 1 5
15 54 41
15 29 9
4 25 26
1 12 24
9 57 51
4 2 44
11 25 13
15 9 50
17 29 41
19 30 20
7 34 36
2 56 57
6 31 14
6 56 35
10 25 26
0 10 49
23 12 28
9 13 18
13 7 7
7 30 46
1 16 32
5 4 36
3 50 17
16 7 8
4 24 45
20 7 38
0 58 0
10 59 53
16 37 41
2 14 59
4 40 23
9 8 56
15 50 58
9 44 58
20 42 56
1 32 45
7 43 29
4 47 24
16 4 26
3 14 57
5 41 22
5 29 41
19 52 10
2 43 25
11 55 48
19 9 21
13 41 12
13 59 28
15 25 37
3 25 35
13 28 25
5 22 11
1 55 5
15 6 16
3 37 46
20 59 37
8 4 59
7 48 14
15 26 4
10 33 40
7 59 2
15 46 54
11 13 42
21 48 57
1 42 42
7 38 28
6 20 18
8 0 15
1 23 12
14 43 30
11 6 34
5 12 46
5 16 35
4 25 1
20 24 28
21 13 22
5 1 54
8 1 49
17 28 53
22 52 37
14 30 1
5 20 1
16 0 19
2 10 59
21 53 48
22 50 50
5 28 13
8 51 53
8 5 19
22 24 16
0 25 49
3 48 12
14 36 56
8 29 45
13 53 45
16 16 1
18 57 10
0 27 29
10 19 20
21 52 57
16 40 52
1 2 43
16 36 27
21 29 45
21 20 38
1 30 31
16 23 4
12 52 22
3 43 25
12 28 32
7 35 39
5 54 2
5 18 52
17 19 37
3 23 15
21 9 17
10 25 53
11 4 35
4 45 10
13 55 14
10 33 54
0 31 36
19 1 2
4 48 52
12 43 50
23 43 55
2 44 18
19 44 40
22 27 57
7 13 0
16 21 58
19 2 13
21 45 50
3 1 59
7 37 44
14 23 19
7 2 6
18 1 36
9 36 23
4 39 44
7 42 28
10 15 50
3 50 49
0 19 31
1 21 34
10 18 8
1 9 43
10 57 5
0 23 25
7 29 37
3 31 5
14 46 37
8 24 17
18 9 18
14 10 51
22 1 33
20 25 37
19 5 56
22 2 38
8 12 45
12 5 19
21 46 34
10 1 44
10 56 44
19 47 20
0 46 47
7 5 0
15 0 26
8 30 35
12 34 12
14 35 18
18 25 49
19 57 48
13 27 24
13 59 19
5 24 31
11 58 30
15 41 28
10 24 54
11 10 28
21 34 38
9 39 10
7 26 49
13 45 55
19 6 44
23 56 21
12 26 35
5 45 35
2 45 7
22 13 55
3 43 20
3 26 1
12 53 14
0 43 19
3 40 20
15 39 31
19 13 38
22 38 14
10 24 7
20 17 54
8 33 51
3 59 55
11 37 58
18 44 29
10 29 4
3 38 7
1 31 31
6 26 24
10 27 52
6 14 25
18 12 44
11 45 49
12 10 11
11 36 11
9 4 34
5 5 39
10 54 40
4 32 26
14 4 23
8 25 5
18 31 44
11 33 26
1 42 41
12 50 34
17 56 25
20 58 4
14 21 45
8 4 31
22 19 4
13 22 5
15 52 13
1 1 46
2 13 36
6 46 21
5 15 52
13 0 50
14 16 53
18 22 15
8 29 42
20 5 51
5 40 35
17 46 6
8 7 8
22 37 19
3 23 26
19 39 34
1 59 25
16 44 31
3 8 42
8 55 57
21 40 13
7 36 42
6 32 37
3 4 45
6 46 27
9 49 13
23 4 14
14 32 36
19 34 18
11 48 18
11 59 25
11 27 29
13 18 5
9 51 35
23 51 15
0 14 57
21 11 23
16 43 47
5 18 15
2 12 28
19 11 14
19 28 34
19 7 17
9 2 28
0 54 25
22 4 28
10 13 57
5 9 4
14 44 35
16 1 1
8 53 20
8 47 55
0 39 21
5 40 50
2 2 14
2 40 40
22 0 20
6 24 16
7 36 40
8 39 38
7 21 17
22 56 11
11 31 42
0 38 20
20 24 18
16 16 21
12 21 45
17 25 39
17 42 52
18 35 26
2 29 55
19 44 51
12 0 21
8 5 56
9 31 30
9 42 25
15 14 11
4 21 54
5 32 0
15 43 25
9 11 52
21 21 54
20 17 18
18 17 44
19 9 34
5 11 0
8 13 12
11 40 30
4 48 18
11 45 41
4 16 9
16 8 58
17 36 58
21 1 14
11 52 0
20 15 46
17 33 31
9 18 52
22 53 44
8 42 21
3 24 3
18 53 55
8 15 39
17 38 45
14 43 54
21 45 57
10 15 47
15 34 13
13 46 39
13 59 49
7 43 25
19 49 35
5 40 28
0 45 52
9 25 33
3 19 28
5 58 55
3 52 52
14 59 6
16 14 4
8 0 16
17 7 28
2 14 46
21 57 14
9 46 1
4 39 42
10 25 32
0 46 47
2 33 19
16 12 47
9 50 25
13 50 50
0 2 26
5 18 41
19 40 59
5 31 51
17 20 31
0 52 39
13 35 25
8 35 58
10 38 44
1 58 30
8 12 23
10 45 32
10 58 45
21 51 8
21 49 31
13 42 40
0 41 46
18 1 16
15 26 34
15 58 2
0 15 35
8 51 8
14 50 4
11 23 28
3 55 41
2 54 56
21 29 1
4 50 54
11 51 5
3 5 25
11 5 36
8 34 1
8 12 16
10 45 38
16 39 24
6 18 24
21 38 24
0 18 24
14 34 14
21 55 5
21 41 59
22 34 5
7 35 2
20 46 26
13 41 23
4 57 37
17 58 0
14 27 13
3 19 38
3 33 38
12 48 14
22 8 21
8 18 52
10 16 27
22 54 20
7 26 19
4 25 32
15 10 12
19 13 6
7 34 13
12 36 40
18 22 31
7 30 12
7 55 28
1 54 14
1 38 11
19 51 37
14 15 55
20 6 27
13 51 17
6 48 30
21 15 0
13 39 45
18 35 54
4 8 54
17 43 43
20 32 34
5 2 23
4 19 58
17 37 8
19 15 54
4 57 41
15 33 48
2 46 50
4 50 57
5 38 55
12 15 58
13 0 58
19 46 32
1 52 41
13 57 37
11 7 37
10 17 42
13 58 23
4 25 55
21 28 39
10 50 20
10 42 39
17 20 11
19 17 29
19 20 24
11 20 24
13 8 57
17 37 50
9 36 24
5 28 7
20 49 54
17 16 54
18 25 16
19 13 26
18 13 4
18 24 23
21 36 11
14 16 23
18 41 27
3 9 55
13 37 45
11 37 10
3 57 4
13 56 9
2 6 29
3 37 28
4 16 58
16 33 57
9 33 47
19 49 37
0 10 59
3 55 36
16 50 59
11 4 35
5 12 56
22 21 36
23 37 56
23 51 26
20 52 19
15 24 47
14 58 33
7 42 14
23 58 26
11 42 18
18 43 54
2 3 19
21 11 21
13 14 36
13 43 59
12 29 8
18 54 30
14 40 12
4 32 33
12 4 14
2 18 56
15 40 2
15 48 35
0 48 27
10 3 49
13 56 10
8 23 39
4 19 36
15 58 10
13 55 24
21 8 49
13 47 33
0 40 43
18 28 49
20 38 2
0 15 2
23 52 58
20 23 32
13 20 21
13 30 19
2 5 55
19 44 51
9 57 48
10 6 26
18 50 1
19 42 12
3 32 27
6 29 54
3 32 2
2 14 8
20 11 14
23 16 58
8 36 46
20 36 57
10 14 42
16 11 10
9 0 53
16 32 8
8 16 49
8 14 48
22 22 26
9 25 14
18 50 14
8 59 17
22 57 20
7 35 37
3 16 34
2 28 34
15 1 25
4 28 59
14 48 25
19 15 52
22 51 51
0 28 29
4 56 7
23 47 39
15 16 27
16 30 13
12 50 57
19 24 16
8 25 56
20 11 31
11 9 16
20 1 35
20 43 55
21 8 17
6 31 2
9 9 10
12 7 48
12 56 53
18 0 8
1 14 20
5 51 4
12 12 8
17 32 31
12 24 59
3 33 16
14 8 38
5 33 31
13 3 47
15 53 47
2 43 31
18 21 42
0 39 58
14 55 12
7 41 5
11 53 27
6 45 56
20 48 10
20 19 0
21 58 36
18 45 11
3 39 16
17 28 34
15 1 58
5 34 53
6 24 21
12 38 46
19 13 6
16 47 31
11 14 5
13 19 51
13 18 43
6 14 33
9 32 7
10 21 31
1 42 46
5 39 59
12 17 1
17 52 40
2 20 56
14 2 29
22 13 30
15 43 52
17 28 27
11 54 33
8 5 56
15 24 36
6 34 49
3 32 45
10 3 45
11 34 31
10 39 58
0 16 54
3 59 11
7 45 56
4 53 41
9 20 55
3 34 42
13 13 50
17 20 1
15 17 33
0 10 9
19 30 4
10 59 13
2 22 13
8 10 40
19 29 29
2 14 33
19 37 51
12 1 45
4 40 28
10 22 36
20 55 12
17 44 9
16 4 1
19 23 44
1 26 51
2 39 2
8 38 15
14 55 58
18 16 53
7 23 15
22 13 28
23 50 22
21 20 18
11 16 15
23 12 1
12 2 24
21 59 29
8 3 16
7 51 11
22 43 33
4 41 47
16 5 13
5 52 36
11 26 39
19 39 9
8 52 5
14 39 47
16 14 17
8 33 8
2 17 23
15 28 19
0 28 8
4 11 31
23 0 22
12 20 46
23 27 37
7 49 35
16 31 10
8 53 44
3 48 7
10 16 46
0 16 49
13 50 19
15 13 31
23 39 2
2 24 53
20 25 15
18 9 43
7 24 38
13 7 35
5 36 10
20 59 6
22 37 13
22 2 37
22 35 49
20 4 57
3 16 0
19 9 14
19 23 26
21 9 29
13 10 9
23 30 32
11 50 48
13 38 3
17 52 6
15 19 52
13 8 16
19 40 5
11 42 58
18 20 53
13 30 56
21 47 3
5 9 18
8 49 10
1 3 30
14 51 45
9 46 54
6 32 35
17 52 38
20 53 55
19 16 21
21 3 13
0 23 28
11 39 55
17 11 55
17 18 43
11 46 13
5 41 45
22 54 52
10 20 24
5 36 27
2 24 59
21 8 49
16 34 8
16 38 45
4 25 57
4 5 54
23 22 48
4 11 3
2 22 16
11 47 20
8 29 0
23 22 7
6 56 28
19 38 34
16 0 12
16 42 43
7 21 48
0 20 47
12 3 23
10 49 57
13 18 32
16 57 14
1 19 10
4 56 1
22 23 10
16 53 23
16 49 18
19 40 59
17 43 33
18 0 59
20 50 34
14 8 29
8 16 59
3 0 36
4 57 34
1 27 28
17 23 33
1 50 43
8 38 1
12 32 50
23 37 25
12 13 27
23 54 33
19 24 14
10 26 15
10 40 6
4 38 42
11 42 41
3 5 57
3 22 49
7 23 55
9 16 27
4 33 4
18 41 11
21 50 6
18 39 55
1 7 58
7 19 14
3 16 47
21 27 49
23 1 24
12 8 7
20 36 12
12 44 5
10 34 18
4 10 28
23 42 56
18 47 10
5 12 34
9 4 18
1 22 17
22 6 56
9 14 8
1 49 0
15 0 28
5 17 10
14 30 54
9 39 34
0 10 37
22 44 41
20 16 22
3 46 43
17 5 44
6 41 30
14 35 7
10 59 10
11 41 52
5 4 14
22 47 35
3 24 55
9 56 6
22 19 54
2 45 37
18 44 55
15 18 43
20 51 38
5 20 49
15 44 25
1 59 16
20 12 38
3 28 19
5 11 0
16 47 46
17 42 59
18 28 39
8 30 25
7 42 10
2 54 58
7 20 56
15 2 20
12 29 47
21 14 26
18 53 58
20 55 58
3 21 30
18 45 46
10 0 42
0 5 4
15 33 52
4 42 57
12 43 19
13 1 28
9 9 40
6 56 47
18 59 1
12 43 33
15 15 44
17 41 1
14 10 49
3 13 4
4 11 7
19 36 20
19 22 45
21 51 31
0 32 10
0 16 2
4 38 2
14 18 42
13 57 6
6 55 55
4 38 58
6 4 2
7 7 19
13 53 7
22 12 55
2 51 57
16 51 28
6 26 15
11 23 31
9 29 19
4 33 58
13 38 50
20 42 44
22 8 4
17 21 36
2 45 46
17 6 53
15 51 34
2 16 32
10 1 43
2 27 15
22 15 53
21 52 49
0 13 46
6 37 36
0 47 50
15 28 27
15 5 30
23 44 52
5 50 21
16 36 1
6 48 33
6 29 20
5 8 48
5 5 30
2 37 12
19 55 19
12 27 12
12 33 50
14 55 15
20 39 25
16 6 10
14 49 23
11 30 9
19 14 43
5 44 55
17 42 47
3 2 34
20 29 40
1 20 18
9 17 55
20 28 17
8 39 43
18 45 41
11 54 49
15 11 23
3 46 51
19 22 18
2 1 57
4 15 30
19 33 20
2 40 11
8 39 36
10 59 22
4 18 30
10 12 12
0 36 49
12 14 50
13 23 27
7 34 24
23 35 43
23 36 17
8 18 16
20 30 46
4 7 5
5 20 17
22 31 24
10 57 11
13 48 39
10 29 41
20 48 43
5 47 3
15 55 2
18 5 53
7 33 7
20 53 4
14 40 33
17 3 53
1 10 15
5 29 15
11 44 27
8 53 33
12 25 0
6 37 5
6 21 4
18 10 49
2 7 4
19 9 7
5 45 37
14 28 15
12 25 34
14 6 53
23 21 31
10 12 54
17 25 21
15 1 21
22 48 59
14 52 50
22 55 51
22 25 47
20 55 3
14 22 55
6 47 2
5 56 31
2 51 5
20 59 34
14 29 5
16 47 59
5 12 50
11 19 41
18 47 47
2 7 46
18 55 26
5 11 16
14 45 14
7 37 6
18 32 37
20 48 45
19 59 0
4 58 4
6 45 27
18 55 40
1 34 40
6 3 2
5 3 3
4 9 14
0 30 20
14 36 2
19 1 6
6 42 46
0 30 29
4 29 5
23 22 49
20 9 49
16 12 21
17 19 30
22 40 34
17 30 48
12 35 59
17 33 12
14 32 8
9 5 32
13 37 28
12 30 44
12 1 22
21 42 20
23 12 12
6 5 3
14 23 10
15 50 53
6 46 10
7 50 27
18 10 29
10 33 21
9 1 54
14 12 38
7 6 32
6 25 52
2 44 3
20 29 10
1 30 39
2 21 22
5 45 35
5 26 56
18 40 52
16 2 37
12 18 57
15 40 51
14 45 1
4 0 24
2 34 13
21 56 0
5 9 44
16 55 22
21 44 36
14 42 13
3 38 34
9 11 47
0 28 50
18 31 43
17 51 43
4 54 37
22 22 54
9 54 48
20 41 12
6 47 2
19 42 9
8 37 5
6 26 0
22 25 46
16 10 39
21 49 58
2 40 43
15 46 53
0 6 32
20 12 35
5 37 9
16 7 29
8 21 26
19 49 10
15 23 17
11 18 54
17 31 48
16 16 37
13 50 48
3 20 56
17 51 33
1 53 47
18 37 19
0 27 50
19 13 49
18 2 30
21 54 56
10 28 46
21 0 10
14 50 29
21 50 13
11 1 4
14 54 28
9 4 2
5 23 36
8 25 42
0 33 20
16 47 44
13 34 39
22 48 17
11 46 35
16 16 14
10 56 3
14 28 36
3 44 18
7 44 53
17 31 49
20 25 23
10 54 20
13 23 34
21 33 13
15 56 24
9 10 13
17 2 46
11 49 45
23 14 0
16 41 57
4 20 17
8 19 13
5 22 44
19 6 40
17 40 22
11 34 39
23 17 25
3 45 23
11 19 18
14 3 39
18 17 27
1 28 18
15 40 28
4 47 38
6 58 12
17 48 49
6 50 42
17 11 25
15 24 44
18 42 26
7 29 14
9 33 43
21 43 5
11 41 32
8 17 22
11 1 34
16 59 12
8 7 47
11 11 37
10 48 17
12 37 18
16 19 4
1 48 8
8 33 22
4 25 29
22 51 59
22 28 26
10 37 8
21 26 9
16 56 50
15 18 49
2 22 39
19 38 53
7 50 0
10 45 29
15 4 2
20 8 1
17 14 55
21 21 36
12 30 30
1 36 36
0 54 24
13 49 15
1 34 7
4 8 55
18 47 50
12 43 39
12 19 13
3 11 4
12 43 33
23 40 14
3 53 35
15 41 32
3 51 20
19 30 51
11 40 18
15 25 49
6 52 5
6 51 55
13 47 28
8 33 55
9 54 49
0 37 42
13 50 2
14 56 56
4 39 48
13 34 52
12 59 18
23 20 46
18 15 46
21 3 20
17 50 1
22 9 57
20 14 16
18 16 17
3 49 8
7 25 54
6 43 8
12 23 8
19 51 53
17 8 35
23 59 26
10 47 33
1 51 23
22 24 2
19 32 0
6 48 11
10 3 15
6 16 59
21 36 50
6 58 6
13 47 15
2 49 43
17 32 37
1 41 41
17 20 4
6 45 29
5 23 22
11 35 21
4 30 19
10 8 30
21 3 5
22 58 52
20 49 37
13 57 53
18 23 58
16 41 6
16 2 56
13 20 5
21 43 0
23 32 28
21 17 39
21 3 11
9 26 33
9 5 2
23 42 25
10 46 45
11 49 18
19 38 42
13 48 47
8 35 20
11 3 38
14 14 9
12 28 24
10 42 40
14 29 25
19 57 21
8 57 32
7 59 9
22 4 11
23 38 18
3 40 49
0 33 43
11 23 13
7 44 29
14 49 55
13 3 33
1 31 17
12 16 27
4 15 55
23 31 53
23 2 42
5 25 23
21 17 28
1 1 1
7 46 19
17 12 54
9 34 42
5 17 8
4 16 21
20 34 46
13 45 13
18 57 26
16 28 3
8 10 23
18 59 8
2 14 31
15 0 42
19 1 36
21 49 28
5 50 14
19 40 27
17 54 9
12 48 12
3 40 54
15 19 12
11 52 10
8 10 0
7 56 55
20 2 45
23 5 34
3 35 12
8 57 19
23 40 30
0 36 36
9 26 16
21 21 57
13 11 32
9 18 30
1 8 40
18 57 14
18 26 13
19 22 41
2 9 23
17 9 15
2 2 51
10 55 31
6 3 49
14 54 40
8 32 26
19 18 16
8 34 29
3 12 9
17 54 43
9 10 47
23 32 45
15 51 5
17 30 58
21 56 36
16 56 17
1 3 55
8 5 56
3 29 44
9 38 55
7 27 18
8 13 28
4 33 26
6 27 19
5 55 52
7 26 11
6 54 55
13 11 57
17 5 28
23 31 26
8 28 58
15 42 6
9 13 36
19 58 30
23 52 37
0 11 59
5 26 58
17 50 22
23 24 20
16 15 17
0 40 22
6 0 25
14 27 2
14 44 49
12 30 21
12 1 54
2 32 41
1 21 22
23 14 41
20 27 45
0 38 22
20 41 13
3 14 38
22 55 14
9 2 51
9 5 9
3 32 34
15 8 5
3 40 7
2 15 29
23 25 49
16 41 37
21 10 29
11 10 53
2 47 38
1 36 15
6 27 7
4 45 31
12 21 27
18 36 27
21 16 13
8 22 16
15 38 4
19 35 50
2 49 1
3 17 20
17 33 51
22 31 15
20 20 47
20 0 30
22 55 51
20 56 48
2 34 2
0 43 57
15 43 0
9 34 21
19 32 15
5 18 35
6 2 15
21 59 57
17 29 31
3 49 1
2 11 9
23 1 47
3 57 45
4 32 41
4 41 27
2 34 20
20 58 19
0 51 44
2 56 0
12 9 28
17 59 18
23 50 8
1 24 24
15 59 3
22 46 11
9 22 48
7 53 3
13 55 14
23 7 58
18 2 13
15 52 46
14 28 19
21 49 28
5 43 55
18 29 39
19 47 13
14 18 43
0 1 36
0 0 19
1 47 1
17 21 44
3 40 21
2 12 56
6 35 0
22 24 58
22 42 40
23 46 48
14 43 27
23 30 4
11 29 53
14 52 9
15 32 33
14 56 19
14 15 16
5 25 49
8 28 19
23 25 39
21 23 30
19 32 42
23 5 54
10 5 14
14 46 55
3 21 17
13 9 16
16 48 19
22 59 17
6 47 3
13 15 32
16 54 5
21 45 45
22 43 3
3 9 29
5 51 51
8 27 29
1 15 48
20 27 51
0 2 16
1 41 6
17 10 52
1 2 6
18 48 22
14 28 43
20 40 49
23 38 38
1 11 38
21 58 46
14 50 8
19 30 58
15 42 46
5 45 58
1 34 12
20 37 3
3 1 18
15 33 18
4 49 52
1 57 55
14 56 58
15 42 1
0 23 40
5 2 27
19 53 13
6 59 49
2 22 44
21 29 32
12 47 26
5 1 44
6 38 5
21 56 37
2 13 16
6 26 40
19 24 40
8 21 3
20 54 21
15 1 42
17 16 49
21 4 12
11 1 56
4 40 29
11 31 3
8 10 34
