10000 10800
14 18 6
7 49 45
21 24 14
21 45 21
2 27 26
5 37 9
22 4 37
21 43 37
19 59 4
6 35 47
18 59 46
7 12 53
16 53 58
15 59 51
2 21 34
8 31 21
5 7 45
22 16 56
20 14 32
11 42 23
12 24 14
11 17 10
21 30 40
20 44 6
9 9 51
17 17 8
19 18 49
2 43 8
13 45 44
7 14 54
9 54 52
12 31 26
14 44 26
19 51 20
18 36 47
7 59 51
5 46 13
23 35 5
16 33 6
18 13 14
12 55 36
1 49 47
20 0 53
12 19 30
20 39 55
18 38 42
14 13 51
3 28 27
14 47 15
17 44 40
22 34 34
3 50 43
14 0 51
10 45 24
18 54 36
15 11 45
5 21 25
17 0 47
6 17 22
7 17 29
1 16 30
6 26 32
15 34 14
17 28 44
3 4 30
16 27 8
18 11 23
11 19 17
14 57 31
18 22 33
12 9 37
7 22 17
11 22 20
9 4 15
8 9 43
2 39 47
5 9 26
18 59 51
1 1 50
6 42 55
7 47 3
3 24 48
14 22 16
7 49 10
17 24 1
11 47 3
12 43 1
10 46 0
18 35 35
3 8 46
8 22 1
8 4 5
23 23 5
6 3 22
18 27 5
3 0 50
0 38 40
17 37 40
19 49 37
5 33 12
20 56 31
9 55 11
11 14 47
5 6 50
19 53 34
15 50 36
15 28 6
1 49 5
4 48 47
0 34 18
15 2 7
13 54 3
17 49 49
0 22 9
21 6 2
3 26 30
10 6 24
1 53 4
22 49 11
3 12 58
4 59 19
23 2 5
2 59 40
10 47 25
15 49 56
4 55 50
3 39 42
7 44 30
17 46 19
23 1 23
19 18 34
5 52 9
1 3 49
20 34 9
13 1 2
20 24 46
1 5 38
1 28 6
14 35 6
4 54 32
1 43 20
13 13 55
11 13 46
10 40 1
22 14 19
21 51 34
13 8 57
7 31 42
21 44 49
11 42 57
12 39 17
14 24 25
3 20 8
16 29 37
8 20 12
6 28 35
1 5 25
9 12 30
12 59 8
11 48 56
13 49 12
15 1 58
20 17 57
23 32 20
23 33 27
13 7 43
13 47 21
12 31 8
14 15 55
10 26 14
4 55 7
1 24 32
21 32 27
14 59 3
21 14 31
10 9 4
7 25 30
4 39 7
13 15 14
23 39 23
18 10 44
22 1 41
23 43 3
11 14 6
10 5 57
1 32 10
16 5 54
18 50 43
1 48 19
16 48 46
17 22 0
21 6 36
20 28 49
17 52 28
4 41 57
11 33 47
7 17 36
2 15 37
0 24 42
0 41 58
3 12 38
4 21 4
17 59 54
9 19 43
21 35 6
9 59 31
0 34 55
6 55 28
11 40 16
6 19 34
17 37 46
14 43 6
8 3 55
6 35 38
4 49 48
15 39 53
6 33 23
21 3 10
3 48 35
22 23 9
22 15 30
0 31 9
1 26 3
22 58 8
3 16 44
14 2 25
11 14 17
8 15 22
13 55 10
18 31 10
20 11 11
23 54 42
17 42 46
22 55 48
13 50 20
21 12 41
22 19 15
4 16 18
16 28 33
9 46 54
11 7 18
11 18 28
20 36 52
7 26 27
10 4 44
22 17 0
7 12 30
14 23 38
23 54 35
9 56 24
3 16 59
10 21 52
7 12 17
5 49 58
20 47 9
0 54 43
22 30 50
12 32 16
20 54 2
12 8 26
7 6 54
1 10 52
13 53 16
17 28 23
16 2 2
15 2 19
15 48 6
19 42 4
16 56 28
1 5 4
22 41 4
0 14 48
6 8 16
10 31 7
6 21 0
7 55 24
16 46 2
13 26 14
15 30 41
7 28 0
20 31 7
12 2 59
13 28 43
0 49 17
9 36 7
11 36 41
15 11 56
11 47 30
5 36 3
7 38 29
3 57 35
21 56 40
10 27 37
18 16 34
7 15 41
0 36 39
6 49 12
7 40 32
2 34 34
7 39 17
4 47 25
7 14 30
4 57 36
18 56 25
19 44 32
2 1 0
23 54 48
0 31 9
1 9 43
16 43 53
2 58 20
14 5 7
5 11 36
17 10 39
12 32 32
12 54 21
10 4 34
14 47 8
3 10 33
12 51 45
18 5 31
18 56 21
2 40 52
17 58 5
23 43 56
18 16 59
6 26 40
11 4 20
2 48 50
17 15 41
0 45 51
8 2 35
12 16 13
15 8 21
8 40 4
1 32 11
15 19 26
12 10 28
11 27 1
23 5 26
22 42 38
9 41 21
8 10 13
22 59 6
17 18 6
6 22 54
17 33 56
8 51 9
3 6 49
14 26 52
8 12 15
6 3 27
6 53 49
15 57 2
14 59 50
10 50 15
13 19 52
11 37 15
5 1 3
2 46 13
23 29 37
15 23 39
14 49 26
11 14 26
11 51 27
19 51 58
11 34 40
14 50 20
12 18 5
3 42 3
10 4 31
3 47 32
0 16 32
13 22 28
20 26 9
16 9 10
8 41 21
11 45 33
13 44 19
7 57 30
13 18 59
1 11 50
19 59 53
16 5 37
20 33 38
19 33 13
6 14 3
14 38 38
2 10 37
0 0 32
18 0 42
5 6 23
4 7 50
0 12 12
5 8 19
5 18 1
13 29 44
15 34 39
10 0 24
5 10 11
12 58 24
7 1 27
13 21 46
23 13 48
14 4 59
23 2 11
7 16 6
0 26 52
21 3 45
4 0 31
18 9 23
20 56 5
9 36 57
23 47 50
9 17 3
13 56 6
7 52 32
13 34 56
15 45 3
19 56 11
21 47 15
20 59 29
1 12 7
0 40 40
5 19 49
1 32 27
20 51 58
23 21 49
1 17 8
0 51 51
10 18 57
12 4 8
9 43 16
9 57 38
5 42 51
15 10 8
9 52 15
8 55 21
1 21 35
8 5 5
1 36 59
4 54 10
20 13 39
5 23 40
21 22 58
22 13 17
3 6 31
18 11 45
7 20 25
6 35 42
7 14 44
20 51 57
12 44 37
19 28 34
6 45 7
14 35 23
9 0 28
19 19 8
16 17 9
6 24 44
6 15 24
14 43 22
3 21 18
3 35 7
8 35 24
23 6 43
19 58 29
15 37 21
20 56 43
0 26 26
20 52 41
1 9 35
23 44 12
22 49 38
19 15 15
18 32 5
7 42 57
13 32 31
1 0 0
11 25 55
5 40 47
0 10 47
10 24 20
2 18 36
4 39 2
6 52 6
9 33 35
23 34 39
11 48 20
5 21 6
12 13 13
18 14 8
15 15 10
21 26 43
4 30 35
4 52 15
9 14 32
3 22 29
3 21 7
18 8 5
19 35 42
3 21 31
12 2 1
21 23 11
17 29 57
7 50 18
11 13 40
9 34 29
1 32 1
7 53 30
4 24 9
14 52 41
17 40 45
1 58 9
0 4 5
20 41 14
5 45 15
4 28 44
23 31 55
20 3 28
11 36 45
7 27 48
11 11 36
13 33 3
15 18 57
21 1 12
21 6 37
7 36 19
3 10 44
19 1 40
4 40 19
4 5 24
20 45 38
7 57 15
5 17 11
17 2 45
1 52 44
2 38 44
13 42 47
4 55 46
12 6 27
11 55 3
3 53 24
10 50 30
14 45 12
3 42 27
13 41 8
0 46 31
4 34 2
18 11 7
1 14 15
3 54 20
18 18 11
19 23 44
12 5 26
1 31 47
20 19 26
16 53 23
8 19 44
13 40 53
10 24 58
3 24 4
13 51 49
2 39 25
11 34 9
10 20 8
5 32 19
15 26 44
19 24 37
4 51 36
22 5 18
9 33 23
4 50 47
18 32 49
21 10 35
18 22 31
21 15 42
15 28 15
0 4 39
21 23 32
20 46 14
8 35 57
13 16 32
20 39 56
20 17 14
22 37 25
3 4 18
16 35 36
22 8 0
18 56 6
13 12 0
22 11 31
9 46 54
17 25 22
20 12 3
23 59 50
14 43 47
11 0 2
4 3 38
15 46 7
14 51 8
21 59 8
10 7 30
4 16 21
19 31 21
8 52 2
21 14 53
22 0 2
5 33 23
11 44 30
3 13 38
23 39 24
3 8 49
0 57 5
23 39 17
3 33 29
20 26 51
19 53 16
7 15 42
21 15 55
12 7 15
5 48 33
6 8 59
1 45 27
16 4 38
17 1 38
2 45 38
2 56 8
15 39 9
5 7 8
4 16 3
8 17 21
21 25 56
12 2 55
10 20 8
12 7 3
12 51 12
6 10 31
12 38 14
1 34 6
5 16 5
8 5 2
19 33 24
2 28 30
22 1 47
5 45 45
10 52 6
11 3 15
13 48 33
15 54 42
1 2 53
2 17 59
7 35 42
23 15 11
13 33 9
6 41 35
7 0 22
18 51 50
8 34 46
14 30 3
14 26 40
6 49 12
18 24 36
16 51 48
9 15 26
4 31 34
17 27 14
10 36 25
15 14 23
8 20 41
14 17 20
0 27 44
12 13 6
2 36 55
14 58 33
16 54 25
15 39 50
10 27 18
5 27 32
21 20 23
23 47 2
19 19 49
16 17 55
10 3 22
20 21 58
5 23 17
12 55 56
6 29 32
20 30 26
21 2 5
13 34 55
8 6 56
19 44 42
11 56 3
11 3 3
1 32 50
9 59 1
9 54 59
12 20 33
12 3 16
14 4 42
13 33 51
22 45 42
7 39 22
1 47 23
12 51 35
14 21 15
9 7 24
15 20 48
21 55 9
0 36 1
12 54 58
14 36 41
4 35 18
23 24 6
20 57 39
7 56 9
13 53 44
19 43 31
8 45 24
13 53 14
14 42 47
22 13 11
0 16 6
4 30 39
4 29 12
0 23 27
2 44 2
13 16 20
17 57 23
1 12 5
20 25 46
22 2 46
3 58 35
14 58 44
18 14 8
10 32 44
13 1 31
18 55 14
1 53 48
18 36 20
1 17 20
9 23 48
3 34 7
0 2 50
23 30 59
12 22 56
16 21 24
1 34 12
21 17 48
23 20 31
18 13 12
14 8 53
17 46 26
16 41 32
0 54 3
12 23 38
7 44 12
12 48 45
2 16 46
0 8 46
17 9 17
21 4 49
13 40 38
4 56 48
0 46 28
6 7 22
17 49 8
11 48 36
21 2 50
14 30 3
10 7 3
9 47 40
1 26 34
6 53 21
12 27 30
20 21 33
14 5 1
9 0 59
22 17 27
9 53 19
20 38 36
9 33 53
0 57 18
22 15 32
2 29 11
17 10 54
0 0 25
1 2 2
10 25 29
13 33 42
1 32 5
19 7 20
10 18 24
13 10 59
4 47 33
11 56 56
4 31 52
22 33 44
3 38 47
11 53 33
1 27 3
11 32 32
2 35 34
20 53 5
22 32 19
4 22 8
14 22 34
23 6 29
1 46 53
15 17 42
21 48 30
6 5 14
0 30 9
13 30 1
20 12 0
13 53 59
16 10 27
17 41 31
4 26 34
7 10 33
8 7 35
3 56 52
17 51 9
12 19 1
14 41 18
19 23 14
23 30 51
15 23 23
23 25 20
4 8 48
0 0 24
16 36 31
19 39 53
10 3 47
9 29 6
6 2 55
19 15 19
3 43 15
7 14 23
13 19 35
8 44 48
6 1 51
16 52 26
15 54 38
18 37 51
19 27 40
2 14 9
22 55 35
16 37 28
7 32 32
1 49 12
17 8 57
16 39 46
14 8 39
13 59 9
6 34 42
0 13 48
15 43 10
4 22 24
1 20 1
3 25 16
11 59 55
1 4 12
16 26 46
14 4 1
11 10 7
19 52 15
16 23 37
18 50 39
16 58 32
2 58 12
8 7 13
8 58 21
6 19 2
1 49 14
20 19 45
4 54 41
3 1 44
5 25 28
12 19 15
3 24 47
21 27 47
6 20 18
2 52 20
21 58 51
1 50 28
16 1 36
10 11 7
14 15 32
2 53 29
10 33 13
11 12 51
21 33 40
3 4 38
10 36 6
22 59 18
14 13 54
3 16 54
20 37 7
12 53 28
11 28 19
17 24 36
23 59 59
18 35 19
6 10 22
15 27 39
8 36 46
7 25 51
21 51 43
8 47 16
21 22 19
16 35 8
12 0 49
9 59 18
14 38 36
13 42 20
11 20 26
16 18 37
9 1 33
12 53 3
4 9 53
2 4 42
6 30 15
5 41 57
6 5 22
2 23 37
6 21 55
11 5 36
14 47 22
12 28 23
0 57 32
11 21 48
17 48 17
12 13 48
21 46 20
3 26 43
14 26 46
14 35 31
5 34 44
19 18 3
4 51 48
7 13 48
12 42 34
15 57 9
1 47 26
16 11 9
5 54 57
14 8 0
6 27 27
0 18 5
4 23 20
0 46 59
20 12 34
7 6 16
22 8 54
9 15 5
18 36 42
16 9 4
2 14 15
16 9 10
7 34 13
20 26 41
23 59 48
0 20 4
14 2 35
16 3 58
17 53 40
4 37 30
21 21 5
22 42 57
18 44 46
3 4 43
0 31 21
5 24 22
19 16 55
11 16 25
3 1 2
18 44 28
15 18 6
3 48 25
5 42 13
7 41 35
13 31 30
22 22 7
10 15 21
2 50 50
6 36 39
20 31 19
21 33 44
4 46 44
2 54 18
2 21 30
18 16 52
14 3 43
13 45 35
18 13 4
22 9 6
0 27 27
3 36 22
0 55 18
8 50 41
2 23 19
16 13 40
15 1 42
6 17 47
23 58 43
10 8 34
17 56 38
21 17 2
9 45 2
20 49 25
2 5 6
10 39 56
4 48 14
1 26 43
17 24 54
3 14 2
23 26 11
14 30 18
17 56 28
9 31 37
7 44 5
11 52 42
22 48 33
15 14 12
7 21 20
7 38 53
12 35 40
9 25 22
8 41 26
3 42 57
16 23 57
5 14 1
2 37 23
12 25 56
4 23 43
12 37 47
9 0 23
0 26 22
18 23 14
22 7 31
17 56 21
15 10 21
12 3 39
4 4 14
18 25 58
0 14 3
13 40 17
5 11 46
2 5 11
12 36 55
18 54 47
7 29 1
15 44 49
11 57 4
13 10 10
8 18 16
11 32 53
8 34 38
9 3 6
6 21 51
19 7 10
1 40 55
16 2 43
9 56 54
22 48 11
9 44 34
18 18 3
1 24 57
7 41 53
12 26 2
17 31 18
17 46 28
2 17 52
1 58 22
0 21 13
8 16 45
17 22 35
23 49 36
2 1 24
5 49 0
14 14 45
12 52 19
11 49 43
0 57 32
7 35 28
10 40 44
7 40 22
15 8 5
16 37 57
13 1 40
19 2 1
22 32 46
8 10 36
3 39 15
19 42 26
10 57 6
10 50 6
21 16 9
5 48 59
11 44 23
9 12 5
8 37 17
10 2 35
9 42 46
10 57 29
13 44 16
9 26 37
23 17 30
15 59 34
20 27 54
8 6 16
18 29 8
10 39 11
1 18 18
3 10 26
1 43 40
3 14 6
5 42 44
5 2 18
14 42 26
0 26 22
21 58 37
9 25 15
13 42 37
8 24 46
8 33 10
19 31 30
21 8 30
21 19 17
19 15 34
1 56 28
12 51 23
14 44 0
7 3 47
0 18 37
4 50 31
5 51 14
8 40 33
4 29 58
19 37 25
14 21 57
2 36 33
0 23 52
15 4 40
3 48 46
8 43 37
17 41 7
14 19 59
13 58 41
2 29 5
23 44 52
9 7 36
6 29 1
0 54 53
10 11 26
14 14 50
2 7 5
21 29 12
19 45 9
17 25 21
11 22 5
23 24 43
17 52 51
16 24 43
2 14 47
13 23 13
16 16 12
20 5 22
20 35 10
23 53 35
11 56 12
6 16 7
8 27 37
0 30 49
15 19 9
6 5 36
15 9 18
22 41 21
13 47 5
17 17 40
11 17 29
9 11 30
4 3 36
19 9 19
23 5 26
18 25 46
9 51 17
14 1 56
7 1 21
23 40 8
1 18 10
4 59 55
19 47 8
3 30 9
5 38 6
22 31 51
6 48 39
9 48 41
11 51 18
23 11 45
5 23 16
1 43 6
3 49 33
5 48 7
11 25 31
15 19 4
4 37 57
15 23 51
13 36 21
0 38 42
10 59 55
7 4 59
7 12 37
20 57 48
9 14 19
5 17 3
9 6 59
11 32 15
23 38 22
2 20 50
9 52 13
6 35 15
23 43 26
0 33 3
8 23 43
7 48 24
17 9 5
5 42 52
1 33 46
5 50 1
14 17 26
16 53 27
17 50 27
4 27 30
19 33 30
23 51 42
5 41 41
0 18 10
8 32 13
19 29 57
0 19 20
2 13 21
4 6 17
10 52 51
10 34 25
11 0 41
9 52 22
8 29 8
8 27 41
5 31 33
16 17 47
12 6 24
22 59 18
18 57 34
3 15 19
6 11 19
6 32 20
9 12 45
15 33 24
13 37 4
19 11 44
17 20 6
23 33 49
9 45 35
7 43 47
18 12 47
0 14 47
0 5 40
0 19 33
0 52 45
6 52 35
16 23 16
13 39 23
18 15 13
13 16 31
15 59 33
11 29 23
18 20 14
13 56 26
0 0 58
8 57 4
6 21 20
1 34 35
14 3 26
4 53 49
17 40 47
0 13 11
9 59 25
3 37 0
20 17 26
3 21 10
19 3 13
23 0 47
5 4 44
1 9 59
7 25 45
2 24 1
20 6 31
4 8 50
14 53 9
18 47 2
10 15 8
13 10 11
17 49 35
22 9 7
20 58 6
13 7 45
2 21 9
13 33 42
23 28 30
7 36 12
2 13 51
9 55 26
10 48 5
17 54 25
22 27 11
16 31 7
13 59 0
19 41 58
10 23 41
13 25 24
21 34 11
21 35 54
20 57 17
8 42 47
19 38 2
16 40 54
6 4 20
15 42 20
12 25 27
7 58 26
9 16 54
16 58 42
1 4 55
22 21 5
16 51 15
20 42 18
10 46 16
2 10 29
15 9 15
4 43 47
1 2 14
5 2 56
22 57 30
11 40 4
5 37 29
18 36 33
20 0 37
9 29 43
5 14 41
3 54 31
11 12 6
15 27 46
1 19 49
14 28 35
3 1 2
4 3 32
17 44 39
12 46 8
19 14 6
5 35 23
16 27 35
0 6 46
8 35 12
14 27 53
12 47 52
0 46 56
10 50 19
15 14 53
19 2 43
19 43 29
5 13 1
4 6 37
5 26 47
14 12 35
21 32 36
22 58 13
20 38 4
8 26 5
18 19 10
14 1 40
11 22 28
22 48 6
11 43 49
14 56 31
0 12 23
4 29 25
3 19 57
8 43 48
16 14 35
10 21 12
17 42 22
6 14 59
18 4 34
8 19 16
4 33 27
20 28 31
18 24 4
19 14 13
1 11 59
14 8 27
23 23 6
19 48 28
21 17 42
16 7 17
17 11 18
2 46 8
3 5 1
11 9 2
13 57 52
20 42 46
1 58 37
13 6 14
12 12 20
2 4 16
12 45 42
20 13 18
22 58 36
6 31 18
19 21 28
2 38 54
10 35 31
11 54 29
12 57 4
21 2 24
17 26 59
3 27 12
6 7 26
12 35 20
18 53 26
19 45 39
22 39 58
5 34 53
16 25 2
11 54 40
11 14 42
19 24 43
1 32 59
4 34 6
23 48 33
8 48 0
6 18 51
19 44 25
14 12 47
18 35 28
4 1 50
13 33 52
22 44 8
14 38 15
18 24 40
23 12 12
18 33 41
17 11 45
9 27 50
15 36 48
0 56 18
13 27 39
17 12 33
21 37 4
10 54 25
13 23 3
12 23 15
1 51 35
17 5 35
7 45 46
6 33 0
6 7 2
16 28 35
1 5 52
13 4 31
1 32 55
5 5 16
6 10 42
8 57 54
4 57 40
3 39 23
7 3 8
10 5 10
18 17 42
22 26 35
11 58 19
14 20 37
6 46 27
18 11 22
16 15 2
4 46 39
1 58 50
4 28 50
6 11 23
12 40 32
22 7 12
21 47 29
1 6 23
5 40 45
1 41 59
7 30 49
22 19 10
14 33 35
18 33 1
17 41 52
5 12 56
15 33 34
23 52 36
8 19 4
13 28 38
22 0 36
20 35 9
15 42 13
2 0 34
18 50 4
14 37 16
22 58 59
11 49 5
22 11 17
6 34 6
1 45 18
12 42 56
20 4 15
13 6 14
8 17 5
10 28 34
0 44 23
17 35 52
21 8 44
16 56 45
21 40 12
16 10 59
1 30 40
14 27 24
2 45 46
3 21 51
15 11 4
13 20 18
2 45 52
18 16 19
5 8 42
23 33 52
20 19 31
18 40 27
15 7 7
4 4 8
10 10 52
8 23 20
18 12 44
12 50 19
17 24 8
5 20 46
1 6 0
8 23 9
3 2 42
12 42 10
19 38 38
7 51 27
20 56 33
23 25 22
13 40 43
8 25 40
16 38 41
18 31 52
6 50 50
10 36 29
2 25 20
20 2 2
21 37 4
18 23 56
3 23 32
2 53 46
18 22 35
3 12 15
3 31 15
9 27 36
12 59 13
19 52 55
8 11 54
20 37 1
10 51 26
16 32 46
18 0 3
2 18 57
19 33 36
12 46 15
17 22 39
2 45 48
0 15 31
22 49 40
13 20 19
12 42 58
18 46 29
5 16 49
8 17 21
14 46 41
11 45 5
14 27 23
13 41 18
10 20 52
0 49 43
16 32 33
16 32 20
19 22 1
22 33 25
7 20 53
3 51 48
2 13 40
20 59 46
2 19 26
15 45 4
3 51 26
19 33 45
20 44 18
8 10 48
14 55 0
4 38 45
8 28 2
9 20 28
8 59 48
21 59 28
0 39 38
21 24 2
9 14 0
22 14 26
17 55 19
8 27 28
18 20 21
12 35 59
6 1 20
15 11 4
14 9 21
12 28 40
11 7 36
14 49 35
17 25 6
4 57 20
15 59 49
7 18 37
23 7 8
18 22 17
2 38 27
11 20 51
3 5 26
0 2 26
4 35 49
18 31 29
6 41 14
7 3 15
14 22 7
12 6 48
14 45 23
6 9 20
4 17 31
14 15 36
1 47 52
15 35 22
8 58 5
5 24 23
20 37 3
16 55 6
12 54 17
2 10 0
19 17 4
22 40 39
1 51 46
18 20 16
20 13 25
13 34 55
15 50 19
11 37 19
16 1 39
12 3 9
15 12 17
11 14 25
23 27 40
21 12 21
15 37 59
16 1 36
0 53 26
18 36 45
1 4 11
21 4 38
14 25 27
20 22 52
2 25 48
11 23 4
4 3 17
12 47 16
14 23 15
2 36 52
5 7 3
20 27 25
1 3 15
10 50 3
9 48 25
3 14 56
0 41 15
13 9 42
0 43 35
6 55 27
20 38 57
19 9 14
2 35 58
10 57 5
8 55 11
14 0 29
10 18 14
14 31 47
14 43 28
2 54 24
7 10 2
5 39 36
13 32 9
7 49 9
14 12 59
19 32 42
14 7 22
1 26 38
1 45 53
7 25 14
12 11 59
17 31 10
22 51 39
15 36 59
10 50 11
11 36 52
9 8 37
16 28 43
4 29 37
5 26 15
21 28 29
0 37 5
13 56 6
23 47 22
7 25 42
12 33 8
0 34 59
13 39 41
12 9 36
12 2 52
4 30 59
21 20 10
21 18 11
1 1 58
0 31 43
5 35 34
15 21 23
16 35 59
10 43 7
17 45 30
22 49 18
15 32 44
19 18 42
1 56 17
15 56 54
16 37 27
6 31 24
18 13 47
20 15 46
6 16 53
11 46 59
7 27 9
8 30 32
11 53 48
6 53 7
14 3 54
10 21 13
0 21 14
16 33 19
23 54 16
20 48 37
18 37 53
15 39 57
0 46 16
19 13 4
2 30 45
16 59 2
13 20 1
6 28 58
2 5 31
11 45 37
11 35 31
11 50 5
20 56 34
19 47 23
12 24 17
15 53 47
23 41 0
11 28 23
6 9 23
22 31 26
9 35 3
7 33 16
14 24 50
16 18 29
21 41 41
8 25 9
3 3 23
14 13 0
18 30 59
3 11 9
21 42 16
8 39 22
8 36 14
13 59 14
18 16 57
8 20 38
12 32 19
22 33 32
10 14 1
18 58 53
19 59 26
3 55 58
22 11 42
11 32 59
9 17 15
11 34 49
7 8 50
22 29 55
6 52 51
10 37 7
7 10 36
20 36 47
12 30 48
23 24 38
4 1 21
13 15 52
18 29 41
14 49 53
19 43 51
16 35 16
17 5 56
22 40 11
5 23 51
7 9 43
16 34 53
21 34 35
2 59 29
12 26 26
11 32 18
10 44 20
19 30 39
20 37 15
1 50 18
0 47 15
2 19 27
3 1 59
15 45 57
23 48 6
7 0 34
11 19 6
18 49 25
16 52 40
2 17 19
13 31 53
13 26 28
12 26 37
8 9 5
4 4 52
17 4 57
6 41 1
18 37 41
15 33 48
1 23 48
2 50 31
17 6 22
10 54 39
21 22 45
13 29 15
4 39 21
2 42 15
18 10 42
12 49 51
20 36 8
3 53 39
22 42 39
16 12 21
23 15 51
3 47 36
21 16 34
6 27 53
21 5 55
8 9 19
17 16 10
23 17 48
11 21 57
18 14 47
11 11 19
12 28 38
23 20 36
11 5 15
4 2 33
5 2 31
17 47 48
11 7 18
23 58 15
8 44 36
4 41 37
21 59 24
7 28 52
8 23 32
18 8 27
23 48 32
18 49 14
20 45 53
16 30 6
18 40 0
15 48 41
2 30 42
23 36 35
13 54 54
22 18 52
10 50 7
11 16 54
14 7 3
16 6 50
10 40 12
12 8 8
3 56 33
17 31 5
12 50 15
11 16 38
12 8 19
5 9 55
22 56 53
5 31 51
17 23 50
10 57 46
6 18 41
5 23 34
3 3 27
4 38 14
3 56 43
7 23 58
3 46 52
10 11 25
8 53 40
15 20 47
15 11 32
7 54 41
13 36 6
23 21 44
21 7 0
21 18 29
11 21 43
16 12 6
18 34 13
8 22 5
21 30 17
0 12 40
23 38 7
20 56 14
18 17 16
18 18 36
13 45 8
19 53 38
11 37 24
11 55 14
12 42 33
23 21 22
11 2 31
0 4 9
0 19 32
5 0 33
0 5 48
20 42 8
21 29 57
2 20 10
6 32 50
21 25 29
23 7 9
20 26 40
2 4 4
8 18 0
13 45 55
20 42 17
8 30 58
10 58 23
1 24 30
18 16 28
4 14 15
9 11 15
16 40 35
6 41 52
8 31 26
0 38 38
15 40 45
5 51 15
18 24 8
21 3 30
21 8 45
4 21 17
20 16 28
21 22 16
7 12 16
10 7 33
18 56 2
2 39 1
1 31 23
18 46 11
12 24 37
15 44 13
12 25 21
5 41 8
12 37 20
20 18 24
19 33 48
15 55 8
21 0 44
6 13 43
14 49 31
14 6 44
9 32 38
6 59 14
10 38 34
18 1 56
7 29 19
17 12 1
9 34 3
20 28 27
16 47 34
7 47 44
16 49 10
12 53 27
5 33 37
16 27 56
18 30 29
7 23 30
15 1 22
4 23 1
17 36 39
13 56 40
13 33 46
23 28 24
6 16 28
18 22 6
5 43 17
12 2 55
18 6 5
19 30 6
16 20 46
16 41 41
21 2 3
3 43 20
6 16 24
2 41 5
20 47 19
8 11 59
6 17 45
14 3 34
3 24 46
0 46 25
10 24 1
3 36 13
5 13 6
11 47 57
5 39 46
13 21 19
10 0 20
12 42 14
21 17 20
1 12 28
16 6 32
10 59 33
21 37 45
22 23 54
15 41 47
2 34 47
8 45 9
1 10 44
14 53 17
22 20 29
23 6 57
10 36 48
0 31 33
13 22 9
6 12 24
10 35 48
22 50 33
18 39 40
1 1 8
18 51 43
9 40 3
21 20 7
5 46 50
17 58 12
20 47 48
11 54 13
23 49 48
7 0 28
0 16 29
12 9 24
6 7 58
4 13 8
0 4 50
18 5 27
5 7 34
9 29 8
15 16 24
7 10 48
19 4 42
1 28 46
11 35 0
3 2 11
15 23 20
23 19 59
20 37 23
8 10 16
14 41 37
11 33 23
21 35 13
12 26 1
1 11 59
1 53 8
4 43 14
17 2 7
16 21 7
7 16 59
14 22 47
5 25 45
15 59 48
11 36 8
3 13 29
20 13 52
7 23 29
10 39 6
4 41 54
1 44 13
8 48 55
5 52 3
8 36 45
23 36 13
5 9 23
18 35 12
17 37 54
19 47 41
4 16 29
16 4 27
15 13 54
6 4 36
8 33 13
11 8 54
17 33 4
9 27 20
1 47 59
18 16 32
17 10 58
22 28 52
8 53 25
10 52 25
14 52 31
15 32 49
6 20 19
8 50 42
0 23 39
4 5 21
1 40 33
1 35 6
16 1 59
16 20 13
13 59 54
10 50 58
13 37 41
20 57 43
8 47 55
20 52 18
17 36 59
4 30 7
21 50 46
4 51 53
7 13 31
7 43 27
21 46 10
22 21 11
22 23 29
5 0 56
15 22 43
4 48 40
12 31 20
9 33 2
5 37 32
2 23 43
11 49 35
2 21 38
6 43 9
4 50 12
1 9 15
4 48 28
20 1 16
0 48 7
13 41 26
10 32 29
3 52 7
14 42 20
17 35 2
23 42 12
20 30 44
17 15 31
12 32 43
11 26 4
2 39 58
10 8 24
7 28 47
16 28 56
10 49 59
13 44 18
11 55 33
15 36 37
4 24 34
12 32 15
9 3 29
1 7 19
19 28 2
19 9 46
6 55 9
7 29 58
23 56 38
2 5 54
18 35 59
15 39 46
12 6 21
11 26 50
1 37 30
7 51 38
4 44 55
16 16 44
11 46 18
5 16 26
11 58 49
19 48 11
7 12 21
4 49 15
23 14 0
9 11 44
2 41 7
0 29 11
5 34 47
0 49 37
5 42 44
22 24 9
0 46 40
10 56 43
5 3 14
21 51 18
8 54 5
8 45 11
11 11 57
22 30 35
14 4 27
11 23 32
18 37 39
7 16 38
9 18 11
6 25 30
17 4 18
23 44 38
4 7 12
15 42 50
0 42 27
8 15 19
20 19 59
1 55 42
15 47 48
17 39 58
13 11 28
12 47 45
13 9 1
18 23 1
6 35 26
11 11 46
23 31 34
3 47 51
22 17 46
10 50 33
22 52 31
17 52 56
16 12 58
5 51 19
10 41 4
15 7 58
9 19 36
15 19 49
0 44 11
13 36 44
16 5 19
4 58 6
2 13 53
7 8 6
4 35 52
0 42 14
21 29 51
16 15 13
2 42 27
4 5 26
11 25 13
13 28 13
18 26 52
4 55 51
14 8 44
16 42 27
2 35 59
11 15 56
11 5 11
1 37 32
3 21 23
19 32 54
17 40 12
10 11 39
8 27 13
6 20 32
12 55 17
18 34 29
3 54 35
7 48 21
12 58 4
20 1 9
14 3 14
9 25 58
20 28 41
5 6 22
3 55 25
18 56 42
12 10 41
0 15 1
1 26 46
16 31 13
8 26 15
6 32 29
3 20 28
6 8 16
16 44 29
5 0 5
1 52 37
15 32 4
22 2 26
2 7 8
22 29 46
9 5 56
7 18 13
15 29 15
0 36 52
1 48 24
22 14 32
21 54 10
1 36 57
2 45 8
16 25 40
14 51 39
16 30 46
9 22 19
4 28 19
13 26 43
0 55 21
3 0 43
1 39 39
1 7 54
16 20 26
21 57 28
4 6 16
0 57 3
12 39 12
19 38 0
10 13 13
9 46 16
0 56 5
1 56 26
2 12 59
2 14 36
5 47 15
6 2 46
18 58 42
2 34 10
17 46 46
17 46 23
23 20 47
5 40 0
5 7 27
1 48 33
20 15 24
11 25 27
10 3 36
8 3 50
22 21 53
17 11 23
21 30 47
8 13 27
5 37 22
16 33 33
11 29 39
8 25 1
9 59 23
11 50 20
6 31 14
21 15 36
20 41 53
5 13 13
2 49 39
2 31 28
14 11 1
18 2 26
8 18 22
1 50 37
9 46 59
19 2 25
10 30 21
7 41 7
13 45 29
9 54 34
22 29 1
8 42 34
14 19 18
11 53 40
2 20 56
7 9 40
18 23 58
13 6 35
15 42 36
17 36 56
19 54 28
8 3 58
19 17 27
9 8 29
5 34 38
15 14 11
5 49 33
18 51 57
19 40 17
18 31 46
13 36 39
20 48 44
14 41 20
2 19 37
10 51 58
4 18 15
14 5 40
15 29 39
18 52 37
10 53 4
7 54 18
18 58 36
1 40 26
21 28 16
18 52 14
3 40 1
17 33 31
14 10 6
7 24 10
10 2 20
19 15 35
7 15 12
6 16 56
19 34 36
13 27 51
23 30 29
0 15 3
5 38 32
19 32 59
14 27 23
13 37 54
15 0 9
13 43 8
9 19 28
1 4 57
7 50 17
10 15 9
0 56 43
0 17 46
0 23 8
20 48 54
15 25 19
11 3 57
6 3 3
22 37 55
23 23 7
1 34 50
19 56 38
7 51 26
10 0 59
18 53 32
8 30 43
5 53 1
8 37 49
21 55 26
23 1 33
20 23 39
13 26 19
20 22 51
19 45 26
8 24 22
9 55 17
14 3 50
15 41 7
10 15 24
22 43 29
14 34 28
19 6 42
16 19 56
3 36 9
1 28 44
4 10 25
3 15 8
13 36 57
14 8 3
5 38 16
6 27 44
8 7 48
16 17 44
21 51 4
8 4 15
14 6 33
14 6 23
4 48 18
15 27 30
13 8 46
22 48 31
15 23 40
23 36 19
10 19 36
1 15 37
7 37 27
0 9 8
20 16 1
20 17 15
4 11 24
18 17 2
19 52 43
13 46 0
1 26 38
22 16 37
20 36 30
3 58 49
19 30 42
6 43 27
8 29 2
18 9 46
1 3 57
2 48 50
14 9 38
3 6 9
3 42 13
4 37 28
21 49 0
0 19 19
1 22 42
13 10 37
17 14 20
16 5 11
5 40 26
20 34 37
10 14 39
8 32 44
20 54 29
23 24 55
22 47 7
20 26 7
1 59 54
20 45 44
23 40 2
19 48 7
18 4 40
13 33 11
5 19 13
1 17 6
14 6 3
5 54 5
9 1 4
18 50 13
0 53 3
12 20 14
18 47 28
21 17 3
17 11 27
20 16 27
2 52 36
8 58 27
3 4 40
22 23 33
0 19 22
12 26 17
3 10 12
19 59 1
9 38 37
9 21 52
8 1 55
23 32 22
23 50 49
15 36 59
6 49 55
12 28 20
3 50 14
12 36 36
12 38 52
11 29 8
12 21 41
16 48 15
19 5 7
13 47 18
6 48 35
20 50 8
1 54 40
9 17 42
7 26 46
16 32 21
2 9 45
2 44 55
13 1 56
4 18 4
6 12 4
6 38 2
11 24 25
4 56 42
1 28 45
9 20 38
8 53 2
13 37 4
0 4 45
0 43 14
5 49 57
14 1 55
17 59 16
16 20 31
3 54 34
8 45 8
5 56 51
12 11 49
18 36 30
15 33 50
17 59 9
9 23 50
4 8 40
2 39 8
11 51 52
23 35 36
22 21 20
22 40 59
18 51 30
11 43 37
1 27 53
16 12 34
20 50 25
21 17 21
18 44 24
21 24 41
13 6 15
0 43 38
1 22 5
15 51 5
2 16 40
10 44 47
1 55 33
1 17 0
15 52 32
22 37 13
11 4 59
4 42 17
17 46 16
14 40 22
17 48 4
19 50 34
15 16 6
6 3 36
9 37 19
18 48 35
9 39 46
19 53 53
14 19 39
5 11 35
18 20 6
3 32 29
18 8 57
0 29 41
23 52 34
0 50 15
18 30 56
4 0 33
13 27 28
1 31 17
18 23 46
17 26 58
17 11 8
18 12 2
18 0 12
21 2 4
16 7 21
3 9 38
21 10 27
7 32 53
1 13 54
5 52 12
9 37 10
20 49 23
5 30 29
22 46 42
12 16 9
6 8 57
17 38 46
11 39 57
13 25 3
10 24 8
17 30 16
19 8 43
0 9 40
4 49 27
0 27 3
22 26 22
15 9 50
6 24 17
8 45 46
3 43 10
10 32 21
3 34 34
2 11 36
16 7 32
15 51 7
9 38 33
9 41 4
17 57 6
3 37 14
5 4 15
13 18 18
15 37 49
5 1 42
7 40 59
19 2 16
7 35 27
20 48 32
21 0 35
2 58 8
18 8 50
21 2 3
19 49 30
12 5 19
12 10 7
3 1 49
22 55 13
1 40 0
3 18 28
6 43 43
17 59 10
18 42 1
2 54 36
21 20 29
5 24 56
9 17 36
9 12 40
10 54 40
16 35 33
14 15 34
4 4 28
21 30 13
11 47 46
11 35 38
15 0 13
22 35 44
23 35 21
14 7 54
14 21 44
23 22 23
21 50 37
16 39 3
1 36 23
0 34 28
20 8 57
20 16 59
4 32 20
0 6 10
11 37 41
21 48 31
12 45 45
15 45 11
21 45 33
6 37 47
6 30 36
20 31 1
19 57 58
23 10 6
16 54 31
5 5 28
13 40 31
5 53 49
18 31 24
21 12 40
9 25 58
11 7 4
19 25 36
13 47 28
22 14 31
13 48 30
8 18 57
21 14 15
5 57 56
7 7 43
14 38 40
18 30 40
12 59 47
11 5 54
11 11 55
7 6 58
16 59 48
12 57 22
6 39 23
6 12 57
3 24 49
17 16 13
7 42 44
23 52 0
8 19 43
1 15 47
10 28 21
20 36 37
23 59 43
19 38 16
22 33 23
0 6 30
17 34 48
1 35 0
12 39 18
18 35 16
22 40 11
0 33 22
9 31 42
15 20 27
11 53 7
22 9 33
1 10 48
16 8 18
11 55 56
11 4 5
0 44 46
11 3 19
23 16 20
22 53 19
6 21 57
1 56 1
19 38 42
23 18 25
2 33 3
0 18 29
14 17 43
3 2 55
22 2 32
1 7 17
12 22 23
1 17 16
1 0 46
11 1 2
11 12 11
7 35 22
5 26 3
23 53 25
14 4 27
0 24 32
20 39 8
18 57 4
17 11 2
7 41 6
6 5 10
2 43 22
18 59 22
9 30 19
21 48 51
17 26 37
0 56 59
15 18 7
3 43 54
5 16 14
10 36 21
10 50 53
2 30 55
10 25 5
10 45 42
4 21 39
12 2 18
21 15 42
6 35 11
21 57 24
22 32 15
16 48 25
0 28 32
9 25 8
7 52 54
16 18 30
19 35 14
22 1 15
16 0 56
19 8 22
16 24 35
16 41 44
3 31 4
11 48 21
13 17 57
6 22 9
14 40 22
23 59 7
18 45 55
4 6 29
8 44 12
4 7 53
1 24 31
8 25 35
11 4 48
0 47 47
22 14 0
8 41 49
9 7 19
13 55 37
4 28 37
10 17 11
20 7 48
12 43 45
15 23 18
1 54 50
20 33 23
13 34 37
13 45 54
1 44 1
2 37 58
0 2 46
18 43 53
12 45 27
19 30 24
6 28 13
19 46 41
14 49 3
21 14 21
17 35 55
2 50 31
7 2 14
12 17 22
11 45 30
15 52 22
15 38 56
5 54 8
9 18 58
4 11 19
5 46 37
8 26 10
8 25 51
20 6 16
2 25 53
1 27 40
3 50 12
20 26 35
17 56 15
19 37 46
14 38 42
21 51 28
1 52 15
12 27 52
20 41 40
5 15 48
0 32 51
5 36 12
3 38 9
16 1 11
15 4 37
17 13 11
12 18 19
2 19 13
11 35 5
23 20 34
15 4 35
5 7 7
6 49 38
3 21 7
5 37 2
15 44 7
6 5 47
15 27 52
4 22 33
6 51 12
17 37 4
0 8 45
4 54 54
2 24 13
21 18 53
17 49 23
4 41 21
1 54 16
14 51 45
1 34 32
22 16 5
12 31 6
3 58 44
2 9 50
17 18 13
9 56 0
8 42 40
13 1 57
6 58 50
23 15 32
18 50 32
6 53 34
5 45 10
0 51 4
3 20 37
19 15 52
2 51 4
19 13 19
6 38 38
7 4 21
22 57 33
3 13 24
20 8 35
17 51 30
19 27 8
12 49 36
3 14 59
19 22 59
6 4 44
15 38 35
9 16 31
12 30 53
20 5 59
9 38 42
12 51 5
17 57 7
10 54 14
12 40 13
12 48 50
23 5 32
11 30 3
14 32 8
6 58 55
7 4 33
0 9 54
22 35 39
17 5 10
4 17 14
16 57 46
0 14 25
0 30 1
13 44 30
11 11 54
21 33 21
19 4 33
17 17 26
23 4 28
5 46 56
22 29 26
22 51 56
4 49 31
23 45 23
9 56 38
5 15 1
17 5 26
10 24 30
2 3 30
21 57 56
10 2 39
23 16 0
21 51 54
5 25 48
4 21 47
20 20 41
8 19 10
8 45 16
10 15 36
20 6 38
13 4 17
15 33 30
18 33 23
7 33 8
1 16 39
11 7 59
19 44 33
5 26 18
12 34 50
7 24 40
1 12 46
5 19 1
21 26 4
22 54 8
20 47 47
13 25 40
9 25 15
4 59 5
9 57 14
18 20 28
3 34 54
11 54 56
19 0 35
20 26 38
0 0 11
3 29 39
1 26 59
7 34 29
12 10 31
23 51 3
6 57 39
5 46 21
14 36 15
2 21 42
8 30 15
11 43 50
12 8 56
17 8 47
0 26 6
7 35 28
13 52 2
12 14 17
21 59 21
22 51 26
18 7 59
20 16 27
14 43 51
20 38 12
2 4 18
16 51 25
11 48 25
7 38 17
23 54 56
0 1 15
5 17 47
18 16 18
9 58 29
16 18 25
16 27 55
17 44 24
12 43 34
20 33 38
17 16 59
1 53 5
15 24 12
4 38 11
10 42 4
23 26 54
1 32 9
14 1 6
10 15 49
21 46 4
3 14 20
8 51 19
16 55 55
22 59 25
10 32 49
12 28 52
2 56 58
17 4 57
5 1 22
12 44 1
3 19 30
20 15 31
18 6 58
23 35 8
14 36 22
2 31 4
15 39 22
0 51 10
2 3 32
7 26 45
1 31 26
7 9 28
8 13 2
7 27 18
20 56 34
20 58 13
7 11 29
22 15 59
4 45 54
15 43 0
10 32 58
21 38 23
19 29 37
2 23 44
19 21 23
22 12 29
5 34 27
23 7 59
3 8 20
13 58 15
20 55 39
18 25 47
3 24 6
1 35 33
20 8 55
5 22 8
14 52 56
19 41 10
22 30 2
16 9 52
2 22 53
8 36 7
7 38 35
7 35 0
15 42 26
19 40 22
12 59 25
18 53 31
17 10 37
17 56 41
21 31 46
7 2 47
10 27 31
20 5 45
7 25 18
0 56 35
5 2 32
14 18 21
6 4 5
20 38 0
10 44 36
16 4 3
13 44 37
19 8 0
17 40 47
14 4 2
14 36 43
19 39 19
1 31 25
8 10 42
20 35 34
19 21 18
6 28 41
16 28 39
7 23 55
7 6 23
13 33 19
8 48 22
0 53 34
12 51 51
8 48 13
11 14 34
3 17 44
23 26 45
14 37 30
0 45 43
15 26 11
10 7 37
7 48 38
15 12 32
12 8 50
17 24 40
19 47 17
9 0 12
14 24 43
7 26 42
10 44 40
16 50 6
6 36 58
3 19 15
6 22 12
21 0 5
12 45 19
4 40 35
1 36 34
11 6 19
1 4 14
16 48 22
11 30 9
8 31 19
4 27 26
13 56 20
1 22 30
0 51 40
19 47 25
18 20 33
6 14 6
4 19 0
15 46 21
18 10 12
6 8 7
0 16 1
17 33 11
3 11 22
3 30 37
8 39 43
13 14 12
2 32 54
14 10 27
8 23 13
6 56 27
2 26 36
21 0 8
11 37 1
2 1 3
10 53 23
1 44 35
5 56 31
10 36 6
20 54 49
2 49 21
7 22 47
13 54 5
10 51 27
19 6 47
11 1 53
8 36 23
20 26 48
18 52 30
8 54 32
15 9 2
16 22 24
8 17 50
1 29 44
4 48 13
6 13 26
12 13 24
10 56 53
19 24 14
1 19 2
6 10 44
13 17 6
3 9 32
20 57 17
14 57 38
17 9 56
1 17 4
21 2 14
19 11 12
9 27 13
0 38 23
0 40 55
6 46 2
4 27 40
15 12 11
4 24 41
9 43 4
16 0 43
21 34 33
5 33 8
6 13 1
7 49 17
1 54 48
2 26 47
20 39 56
7 34 48
8 33 39
10 49 11
22 46 13
6 23 44
4 32 57
13 57 2
20 44 48
19 41 5
7 4 12
14 33 39
17 7 34
16 12 14
7 7 42
21 4 24
11 7 56
21 12 1
15 59 52
5 4 38
9 50 37
6 54 55
3 52 59
3 15 59
7 21 49
14 36 47
8 35 33
5 4 23
13 40 28
16 22 5
12 43 21
11 4 48
9 44 57
5 4 10
18 23 27
2 22 29
9 39 22
1 0 13
0 48 21
6 30 55
5 5 23
11 25 10
0 6 6
4 27 52
22 8 56
19 44 25
11 32 52
21 44 51
15 46 23
11 33 8
11 38 18
13 56 54
16 24 18
9 28 52
12 58 0
19 47 13
22 23 32
22 49 32
11 15 19
3 50 45
16 47 21
5 48 8
18 14 49
0 28 58
15 49 27
3 50 55
5 18 37
18 36 25
20 36 19
17 53 43
6 2 25
8 43 44
18 20 11
14 3 6
3 31 56
3 20 31
2 14 29
6 30 30
10 31 58
7 15 42
16 30 15
12 1 19
16 1 4
2 7 0
3 8 47
0 56 12
0 23 9
3 44 54
14 9 47
7 46 4
23 28 7
15 12 50
10 35 32
4 15 58
16 5 50
22 36 2
5 30 58
17 54 36
17 41 42
15 18 38
4 5 49
14 5 20
7 42 44
8 0 33
21 23 29
4 8 3
13 17 55
23 29 33
15 34 27
1 29 25
15 15 50
7 8 47
18 19 56
2 36 51
23 33 49
22 5 54
13 25 54
1 44 47
23 26 49
6 33 8
11 24 42
1 55 59
12 56 54
7 26 47
5 47 5
15 9 0
0 50 38
20 12 0
13 52 6
21 42 6
6 6 9
9 8 4
4 30 58
4 14 30
4 57 28
0 17 50
0 52 45
16 1 19
13 33 33
12 48 47
7 40 44
22 5 4
22 56 46
4 25 38
23 56 36
7 6 11
10 29 57
17 58 37
8 52 56
1 8 10
9 13 22
16 3 47
13 36 58
9 58 36
2 38 45
15 3 10
20 1 11
10 47 53
2 20 35
20 49 9
15 5 59
4 37 44
5 56 31
16 24 3
19 35 27
14 10 4
2 32 26
21 47 49
10 56 49
0 6 25
22 45 57
15 6 15
13 26 44
9 1 0
15 32 24
11 51 37
19 32 20
18 45 23
13 0 6
15 8 31
13 9 53
23 49 46
19 20 23
17 52 6
22 56 22
21 14 14
2 59 19
0 6 10
22 48 52
13 41 36
14 39 9
2 32 58
5 1 40
13 20 43
13 27 26
16 16 49
16 40 52
12 33 45
7 14 45
20 56 3
17 46 55
22 47 58
7 28 7
0 45 23
5 38 56
20 42 3
13 2 29
18 28 59
0 52 34
22 55 51
15 3 1
16 56 27
3 32 47
0 44 21
11 8 18
11 3 10
6 56 44
22 3 35
7 35 57
2 55 20
18 26 12
16 50 7
0 25 15
19 24 8
16 32 18
18 51 13
20 12 35
11 8 44
17 5 0
8 30 35
21 16 25
20 1 20
16 4 7
7 36 5
6 11 43
21 47 15
8 21 52
9 3 50
14 16 29
21 55 5
0 36 1
20 27 6
14 56 17
14 1 3
9 42 35
18 9 58
17 39 0
17 18 51
4 28 50
20 24 46
7 28 18
16 49 57
4 13 54
18 14 8
3 38 49
19 53 48
1 32 57
14 24 43
18 55 28
16 36 13
10 53 40
20 17 36
1 11 11
12 11 49
21 54 46
18 15 13
11 48 24
16 47 12
17 19 38
1 53 17
5 5 37
3 54 7
20 23 50
12 19 52
11 37 41
0 20 32
13 55 43
20 13 5
3 59 2
22 34 19
19 36 33
6 13 42
17 0 2
13 8 57
9 54 40
15 38 52
10 2 30
23 28 44
22 27 41
15 7 16
23 16 54
19 34 56
4 45 49
13 31 40
14 41 40
1 26 41
3 35 8
5 20 15
18 9 52
18 53 16
19 54 19
0 4 42
12 42 11
14 56 3
14 53 29
7 1 30
22 33 27
6 13 32
19 10 56
6 52 2
18 24 29
23 28 19
10 55 16
9 35 23
14 2 35
15 45 56
2 49 3
3 38 2
4 26 20
20 9 13
10 20 12
17 41 19
11 20 22
14 19 34
8 13 37
2 5 6
6 39 30
14 46 19
11 9 53
10 52 7
4 22 2
3 26 53
0 46 43
23 7 45
7 11 13
8 23 33
20 30 13
0 8 6
22 36 13
20 34 3
16 49 30
16 52 43
1 8 1
13 23 58
22 40 48
15 55 19
7 53 3
2 48 58
13 6 45
23 28 34
16 53 52
22 24 14
19 44 33
17 9 32
9 44 32
15 19 46
2 59 51
22 56 21
20 52 48
5 20 0
15 36 23
7 7 32
8 28 23
8 40 22
20 35 29
1 4 23
20 47 36
3 17 32
21 37 42
18 28 14
8 5 14
15 42 37
12 52 28
9 35 16
4 46 2
0 29 11
18 39 45
12 21 35
8 33 18
6 38 29
12 59 58
21 53 32
23 56 52
19 13 26
3 25 15
12 40 47
0 22 5
17 52 46
15 27 57
8 5 52
16 23 15
3 41 10
10 39 8
4 7 34
3 21 56
4 8 14
11 37 56
10 36 3
15 23 54
17 28 4
14 33 41
8 40 36
8 6 57
2 27 27
4 56 34
9 22 12
15 53 17
21 25 40
10 44 43
4 2 45
0 4 21
13 18 29
21 52 52
23 45 24
22 41 16
21 17 31
13 33 18
11 0 51
11 12 22
14 49 31
16 3 20
23 19 25
5 47 27
20 59 58
15 58 24
19 35 49
17 40 55
16 48 16
22 59 17
19 7 57
6 33 12
1 42 43
5 16 43
9 0 18
7 11 26
14 31 5
11 35 35
10 0 51
23 45 46
14 24 38
22 34 8
6 25 19
8 20 40
16 26 7
7 19 45
4 5 22
10 41 37
20 19 33
14 11 14
23 37 32
12 2 43
1 7 13
11 13 51
14 53 4
8 1 56
9 28 25
6 36 34
0 15 19
17 27 36
8 10 57
19 55 51
6 43 17
15 58 16
13 22 7
9 47 38
11 33 8
22 52 34
19 54 31
17 38 47
20 6 45
22 44 20
2 39 1
19 48 22
16 59 32
17 18 5
21 44 12
8 1 45
0 16 10
0 39 20
2 31 42
3 15 28
17 20 35
18 15 14
13 50 38
8 39 15
11 35 32
2 37 37
20 43 49
0 50 40
5 10 27
11 55 13
0 45 7
21 17 3
18 28 41
14 30 58
23 54 55
16 30 11
19 55 4
14 42 36
21 41 45
0 33 10
12 42 52
10 52 47
16 50 1
20 36 57
15 55 56
1 34 11
13 18 31
6 55 13
15 27 21
13 9 36
23 24 17
11 56 54
15 42 3
8 20 38
6 45 0
23 17 58
7 22 20
22 12 29
19 18 41
11 4 21
19 14 54
4 24 46
23 3 48
20 57 15
23 30 48
20 59 40
9 1 51
23 41 20
8 31 55
1 59 7
0 3 46
7 48 43
6 55 54
3 13 18
22 36 2
14 9 20
13 43 41
19 20 21
9 42 14
17 20 14
22 35 28
0 24 36
23 50 23
13 33 33
11 28 57
3 4 51
0 45 31
18 58 16
8 0 13
2 20 36
13 27 24
15 7 59
18 30 12
8 23 6
19 39 53
20 30 28
11 4 26
6 22 0
16 3 52
19 47 2
12 1 57
18 34 40
19 23 31
17 57 45
19 50 40
5 35 25
6 54 43
6 49 57
20 45 31
16 26 28
6 49 26
14 3 56
8 59 4
7 6 5
18 14 55
13 1 18
12 39 59
4 25 16
7 38 10
1 40 16
23 57 39
22 24 14
1 58 41
12 17 18
5 17 14
22 36 8
3 11 34
4 12 51
9 12 51
21 45 5
16 17 53
20 12 40
9 53 32
20 41 24
23 13 30
8 9 25
1 38 58
23 27 6
14 7 51
9 39 4
15 46 51
22 26 42
4 38 50
22 8 5
16 15 14
10 58 9
23 47 43
13 7 22
12 14 29
19 48 7
19 40 31
8 27 48
6 41 40
1 56 2
12 28 51
12 36 50
10 24 47
19 12 49
20 29 38
13 39 21
1 52 9
10 27 44
7 24 6
17 56 19
21 9 44
19 26 3
0 46 21
17 26 28
0 55 6
16 14 17
12 43 57
20 54 0
6 56 34
7 29 19
22 39 11
6 48 21
5 50 25
8 9 43
13 39 10
5 54 27
19 46 53
13 22 8
19 43 19
6 21 23
19 0 36
0 42 18
23 35 47
11 48 44
7 1 27
1 30 52
1 7 52
21 44 29
4 14 33
6 12 9
16 28 5
2 58 31
2 22 13
19 49 38
9 8 11
12 9 30
16 8 6
3 44 24
7 59 57
10 15 20
16 26 29
20 47 24
14 16 24
7 23 10
3 48 40
7 18 10
3 15 23
15 15 22
20 14 36
15 42 10
5 35 12
7 52 4
15 52 12
8 9 39
3 24 18
5 27 22
9 17 40
12 55 3
14 7 25
17 33 14
20 26 33
0 42 5
17 0 31
4 3 2
16 44 34
22 4 53
22 35 3
5 7 29
1 50 8
20 59 31
18 31 8
12 41 56
2 42 26
7 15 44
8 31 30
1 53 24
18 29 43
17 38 22
3 5 19
4 47 21
0 3 14
21 50 43
15 50 29
4 38 26
19 7 42
11 20 40
12 7 9
12 50 5
7 6 17
5 10 56
17 13 52
14 49 38
6 18 58
22 37 42
5 1 10
16 57 43
15 47 1
6 26 23
14 48 17
0 10 16
21 16 41
14 16 48
8 47 54
13 25 8
21 23 0
10 18 6
9 20 26
13 20 46
23 31 13
8 37 43
18 25 24
4 26 34
20 20 49
3 57 35
10 9 50
4 29 19
2 17 23
4 33 36
0 29 57
8 21 9
12 13 52
2 29 13
4 30 50
13 49 11
12 22 4
6 38 46
1 52 53
3 23 30
1 42 54
4 37 42
0 42 12
3 26 47
21 49 55
12 2 43
11 55 11
16 20 50
18 44 23
14 50 58
9 44 31
13 4 57
22 0 57
6 34 50
12 19 41
15 50 6
5 33 35
7 54 45
19 3 55
5 30 37
18 0 44
13 47 28
16 21 10
3 5 34
9 16 17
22 5 5
0 58 25
0 15 30
9 49 33
14 35 23
12 29 34
10 44 28
20 29 34
10 40 30
9 53 45
22 16 38
23 14 57
3 51 15
10 10 2
11 5 20
17 12 54
18 45 18
20 11 29
13 41 57
5 41 47
15 16 50
6 17 2
22 58 42
14 15 23
22 8 52
17 50 43
5 40 39
19 36 51
6 14 24
15 26 52
4 36 54
1 18 52
11 10 50
3 43 11
14 15 33
23 20 53
15 9 26
3 51 8
22 3 39
8 23 52
5 14 45
14 42 4
19 22 57
5 38 36
14 5 50
16 51 58
23 31 56
21 13 20
1 41 21
14 56 3
23 10 38
3 57 7
11 47 42
10 35 19
19 42 25
17 3 38
15 14 3
17 59 15
10 59 56
10 49 37
14 38 47
6 44 22
22 22 53
21 56 48
11 1 15
4 42 19
2 16 52
0 15 24
5 10 27
16 36 57
10 56 49
9 19 52
23 19 44
16 36 19
22 35 4
11 39 26
17 28 59
10 53 39
20 42 31
15 31 21
4 43 44
0 10 48
9 10 39
13 10 2
8 18 3
16 38 39
11 14 33
3 40 48
4 10 5
13 2 42
5 44 31
20 46 26
2 12 19
9 18 53
4 19 41
0 55 14
2 48 44
20 23 20
0 38 49
21 24 12
22 21 54
8 10 2
9 27 11
22 39 27
5 28 51
20 57 36
22 0 31
20 26 42
20 58 49
17 4 28
10 25 25
14 32 48
5 6 38
18 45 37
19 20 55
23 45 39
14 18 15
17 30 10
13 45 41
6 15 45
16 5 28
3 37 50
13 36 6
9 47 25
22 4 9
16 0 26
5 51 25
7 50 23
19 35 6
18 57 23
23 47 14
3 2 37
7 34 24
13 15 13
6 27 0
0 11 57
10 40 11
12 49 22
6 2 31
0 40 39
10 16 8
12 28 2
7 54 8
18 36 24
19 32 26
6 22 16
4 39 44
19 45 44
12 46 29
6 25 11
14 7 36
2 4 24
22 31 25
10 13 34
23 59 47
1 53 8
11 20 37
22 28 17
14 20 14
11 30 45
9 16 10
19 36 12
4 16 29
23 0 42
10 29 41
5 4 22
7 57 18
6 5 30
15 53 35
12 37 6
15 51 17
13 58 32
10 19 35
20 30 22
16 20 3
6 4 50
12 20 46
22 41 32
21 33 49
17 26 57
0 12 28
13 56 4
16 42 25
19 35 29
12 58 58
7 42 36
2 41 0
14 19 30
6 27 39
1 37 43
6 19 26
19 44 38
13 51 23
12 59 42
7 20 23
2 50 56
11 45 10
13 17 31
1 3 26
17 36 27
20 23 12
9 52 3
11 59 56
23 50 34
23 12 50
14 23 21
14 50 48
5 0 53
21 52 22
11 53 0
7 16 19
1 30 18
15 34 16
23 35 8
15 1 30
12 37 3
2 41 56
4 44 32
20 27 4
0 2 53
6 3 40
23 38 41
0 30 25
9 58 42
3 23 49
13 19 4
8 1 42
21 41 28
19 46 14
3 32 44
2 6 51
22 55 39
7 17 21
3 7 7
15 29 40
5 29 48
21 19 23
16 29 12
2 36 26
16 12 18
21 23 22
7 56 5
1 44 19
11 40 50
7 52 18
18 53 16
4 11 52
18 18 23
10 21 54
23 24 8
0 56 36
3 47 48
4 13 24
2 41 46
13 15 40
21 18 25
7 50 0
11 19 46
5 40 34
12 20 8
6 22 47
20 36 7
18 23 20
22 20 10
17 34 36
19 1 45
15 3 27
22 15 53
11 50 58
1 28 7
21 49 27
22 40 36
14 54 40
11 44 22
7 59 14
7 47 59
4 41 1
18 49 11
6 53 33
6 43 11
0 20 22
12 37 0
15 44 53
0 39 18
19 21 32
19 25 0
9 44 43
15 31 2
4 27 51
16 10 34
19 21 11
0 54 57
18 27 40
19 5 59
11 52 4
22 22 34
22 42 16
23 22 13
23 8 22
7 4 41
21 14 10
3 58 57
8 47 9
23 38 58
1 30 0
15 37 20
10 55 27
9 49 21
11 54 4
15 26 15
18 32 57
14 46 30
19 50 14
10 41 12
11 15 9
5 26 56
14 49 45
22 17 55
4 10 35
16 30 6
11 41 4
10 34 12
10 49 9
9 28 23
14 42 16
13 21 1
10 38 47
7 38 57
0 35 23
16 16 15
6 11 33
10 40 7
3 35 16
19 27 45
8 42 10
18 50 43
10 39 47
1 7 1
21 40 51
7 8 32
9 40 17
18 40 41
9 20 30
5 45 32
18 15 31
3 38 53
12 33 40
20 19 11
0 7 50
17 25 41
15 15 44
13 34 46
4 27 0
9 6 4
19 51 22
13 41 10
5 4 29
19 5 27
6 3 22
0 15 39
0 35 44
13 36 44
18 29 24
9 3 31
9 35 57
23 53 55
17 12 23
16 43 1
6 20 47
5 10 23
9 48 34
20 36 7
16 36 21
5 27 43
17 48 28
17 20 42
6 42 26
0 9 37
20 6 34
19 59 27
6 30 52
6 13 5
20 0 34
17 29 24
11 31 11
17 27 5
10 6 56
12 39 25
7 17 10
15 23 44
1 44 35
15 45 23
19 31 3
3 47 15
1 10 36
4 20 35
3 5 12
18 5 33
21 14 43
12 33 41
1 59 9
6 46 55
16 59 48
15 12 52
9 35 19
16 35 44
18 48 38
1 16 8
5 27 0
5 20 54
1 18 43
18 7 40
9 50 43
22 3 34
5 31 33
4 1 6
14 37 33
14 24 11
8 32 14
11 49 4
3 49 6
1 20 29
8 19 54
17 0 8
0 18 16
9 41 53
23 27 12
9 49 31
23 48 23
0 49 47
5 54 30
17 17 54
17 31 32
19 25 20
20 42 42
5 44 8
1 54 50
20 1 22
6 28 14
15 30 16
7 39 6
2 35 17
0 35 40
15 7 5
13 39 0
22 31 41
17 59 7
21 39 29
19 24 39
19 2 17
22 14 58
2 6 29
13 17 31
3 56 33
10 44 28
11 38 15
14 4 53
5 30 4
4 16 58
16 23 17
0 38 18
22 2 57
20 25 31
14 2 22
11 30 19
4 48 3
20 32 0
21 36 13
2 1 25
8 51 55
4 47 4
14 45 10
20 2 26
4 38 59
7 42 6
17 54 10
13 49 19
23 55 28
17 55 32
18 44 4
1 34 9
21 52 40
17 50 14
12 12 44
9 24 57
13 26 45
12 16 39
5 57 29
15 26 36
23 0 16
1 58 7
11 5 48
15 10 30
8 56 45
17 45 16
12 53 45
18 25 56
3 22 0
10 37 22
8 44 25
11 51 46
0 58 14
21 51 19
4 58 40
16 39 4
3 17 58
16 11 6
3 7 3
17 41 6
16 36 46
0 56 47
20 2 24
7 49 57
21 13 8
3 52 39
21 53 41
19 45 11
4 51 49
1 23 15
11 22 12
4 48 6
11 37 9
5 11 16
14 31 17
2 45 58
17 6 12
9 25 2
17 46 23
8 45 21
6 52 3
17 18 53
10 42 14
10 54 10
3 33 9
4 9 26
8 40 27
17 18 6
12 17 7
19 56 28
15 52 46
5 25 42
0 45 43
9 8 25
10 38 12
2 20 24
12 48 32
9 42 13
12 28 3
21 35 17
8 30 58
11 17 47
14 58 7
19 12 59
13 29 24
5 37 3
8 2 59
18 53 40
16 13 10
13 46 28
18 14 6
5 39 24
21 57 22
15 34 48
19 52 25
7 27 1
1 45 50
3 22 15
6 55 50
3 17 4
17 11 38
11 16 0
19 47 42
5 8 53
10 37 45
18 21 1
11 58 43
7 1 32
11 2 26
22 11 52
11 59 44
5 38 26
10 3 16
20 23 14
19 46 6
20 14 21
5 21 13
8 7 50
7 31 0
20 44 26
13 20 55
0 35 45
14 30 39
21 43 56
7 29 52
17 16 59
13 36 34
9 23 40
14 53 58
0 41 24
23 59 55
1 20 25
0 3 39
15 39 12
8 36 10
19 1 56
23 54 0
2 32 50
15 47 28
2 24 52
0 25 58
21 34 59
6 13 24
0 6 4
21 44 27
1 45 35
9 29 17
9 47 48
9 30 1
5 1 33
10 21 37
9 25 31
7 45 13
20 50 24
21 20 30
18 24 27
1 27 36
10 15 45
1 31 43
13 52 12
10 12 13
2 21 28
22 13 28
19 4 34
3 6 30
20 51 38
21 24 50
12 40 16
8 16 55
14 2 15
8 16 15
16 15 39
3 46 15
19 5 46
2 32 2
3 48 57
7 38 40
12 50 23
7 36 49
13 15 11
6 48 7
0 40 12
18 21 3
11 53 33
22 17 31
22 38 29
4 14 2
7 43 22
4 1 33
20 8 38
2 48 8
14 49 10
12 46 42
19 35 1
6 18 45
6 22 52
20 42 2
4 26 35
0 7 27
8 23 56
11 47 50
8 21 49
6 51 25
20 44 24
21 19 38
8 9 16
4 44 18
11 56 14
4 55 30
0 11 58
2 42 41
1 11 31
17 37 14
0 28 52
2 25 11
21 40 48
10 3 26
3 57 54
12 35 54
8 52 54
9 43 50
10 20 57
11 19 25
1 44 37
1 58 2
20 15 43
14 16 11
6 48 5
17 59 57
1 23 56
18 32 19
8 22 30
2 59 51
12 16 27
21 47 36
9 39 0
19 20 22
19 25 47
4 19 18
15 9 56
12 49 27
13 1 32
22 28 1
16 3 38
15 47 54
10 11 32
13 21 19
18 41 21
17 6 12
22 53 5
1 42 52
6 59 17
22 34 38
1 21 15
4 55 6
23 0 41
18 19 39
15 20 54
3 33 40
3 15 39
8 55 16
13 2 9
18 55 57
18 44 45
18 50 15
21 55 20
6 34 7
10 18 7
13 40 30
18 50 5
4 47 58
6 0 29
7 37 51
8 52 53
20 16 6
23 15 57
4 19 51
13 20 13
6 48 2
9 58 53
8 17 54
0 11 1
21 33 54
22 50 53
3 25 53
12 57 33
7 47 48
2 22 52
23 1 3
16 0 19
10 40 25
21 18 48
23 21 42
15 50 39
9 44 15
20 54 20
9 31 38
11 48 58
4 15 39
11 47 30
11 0 59
12 0 53
2 59 57
16 40 26
2 31 31
0 13 59
9 2 15
5 1 56
11 44 43
10 5 47
5 32 41
15 35 18
5 15 20
1 0 1
18 46 47
1 27 52
1 6 43
13 9 18
9 35 59
5 33 50
10 30 33
21 12 7
16 56 39
22 42 50
19 10 58
18 27 22
17 9 17
23 38 56
15 41 39
7 35 41
1 7 18
9 48 8
21 48 24
8 40 14
1 20 51
23 57 23
20 54 12
2 52 13
12 34 6
21 43 59
12 36 57
19 50 56
5 53 49
1 30 54
21 55 32
10 16 40
15 26 17
21 58 7
14 41 57
14 13 11
20 30 59
11 21 43
19 31 5
4 29 16
14 50 56
21 38 18
12 45 38
14 36 53
19 48 27
5 29 53
9 46 35
10 29 26
0 30 2
11 31 21
10 54 20
7 50 7
15 45 22
9 1 46
13 10 3
19 40 52
23 32 4
10 59 22
4 5 22
2 59 49
1 58 9
5 6 53
2 44 19
22 21 42
21 13 24
12 57 8
13 9 46
22 59 26
2 13 21
8 31 24
9 10 27
23 5 47
19 44 12
20 55 29
1 39 35
20 6 22
23 34 3
12 7 40
15 42 34
20 38 19
0 54 4
20 23 2
1 18 18
1 20 53
17 20 53
14 14 18
5 46 25
8 29 56
6 50 26
15 48 10
23 33 7
14 25 34
0 46 5
11 16 57
14 25 11
1 34 4
2 9 1
4 57 10
7 55 37
6 30 0
21 23 26
10 48 11
11 5 32
23 11 19
12 13 46
13 49 8
1 22 13
16 4 24
19 43 57
21 9 52
14 41 32
15 8 56
8 43 3
19 41 9
20 5 14
7 2 44
19 8 53
4 19 39
0 22 8
16 58 17
8 9 27
7 46 13
18 34 14
21 57 17
3 7 28
21 32 39
12 16 45
2 52 27
3 23 39
19 10 33
18 28 30
14 52 58
10 28 32
14 19 39
1 27 51
23 7 11
16 23 40
10 26 13
9 39 39
11 17 55
20 40 20
17 33 39
4 51 39
1 41 59
8 56 57
15 55 25
18 29 1
9 19 19
17 36 25
18 47 57
3 41 40
10 19 2
20 7 20
9 55 4
9 14 22
17 38 3
9 11 27
2 44 57
11 47 54
0 13 18
0 38 30
19 37 16
19 23 14
23 59 59
10 13 52
17 29 46
20 48 1
7 46 57
0 6 57
12 16 27
22 54 48
17 18 39
20 38 8
8 24 19
13 28 1
8 45 33
2 18 19
4 19 55
21 29 1
5 56 38
0 12 27
14 51 17
17 12 32
5 42 27
20 41 31
8 11 2
17 32 22
5 7 49
13 10 10
12 20 54
10 37 29
5 25 41
20 49 32
21 37 59
0 43 42
23 41 10
12 34 55
17 7 32
14 59 41
10 6 32
12 18 31
1 8 39
15 58 45
6 33 56
10 31 39
1 9 56
9 17 2
2 31 58
6 57 9
16 32 38
9 42 18
23 58 24
9 49 44
6 56 51
16 28 25
15 37 9
18 42 25
1 8 22
7 50 54
10 38 16
15 46 54
19 14 34
12 55 12
11 39 36
6 32 20
8 16 6
13 3 6
14 7 55
13 23 27
7 45 6
21 40 24
2 25 32
11 2 46
23 43 35
11 8 26
7 52 18
14 54 4
23 20 25
15 21 7
1 16 33
0 40 11
14 19 43
19 33 49
9 57 13
6 33 41
11 10 23
6 20 34
16 3 51
22 30 35
21 40 48
20 14 17
0 39 0
9 49 51
22 31 11
16 11 8
3 51 26
1 31 59
11 34 27
11 40 27
11 12 8
4 49 12
8 59 10
2 28 27
23 33 25
4 26 42
2 15 9
1 10 41
21 54 42
12 34 46
9 2 57
7 50 3
6 20 0
17 42 48
13 22 10
17 10 1
17 22 35
1 37 35
23 5 38
7 43 46
17 13 0
2 7 44
8 39 4
11 27 32
22 27 2
13 46 49
9 47 37
22 20 27
22 23 49
15 24 10
13 8 54
6 49 21
0 58 6
13 53 35
21 23 26
17 1 43
5 2 11
7 1 57
20 35 1
17 10 54
17 58 29
15 39 55
14 46 27
8 4 25
18 20 6
17 24 7
4 27 29
10 36 2
13 52 22
5 43 31
14 7 16
0 28 3
10 25 31
5 34 34
14 30 15
8 48 12
3 41 41
22 17 4
16 16 50
9 37 18
14 48 52
7 16 8
10 51 24
12 56 29
23 51 16
17 2 49
11 57 35
13 37 17
19 49 30
3 43 27
6 30 5
9 57 13
8 29 41
23 39 52
14 58 1
7 13 45
5 3 52
13 59 25
16 38 46
7 36 21
20 1 7
15 52 15
20 32 52
14 40 44
2 3 28
1 58 41
21 14 14
1 16 55
16 45 34
10 6 38
20 45 46
6 47 3
23 59 30
21 7 57
18 44 22
15 6 34
1 15 46
11 18 24
6 0 59
18 33 23
17 46 36
4 11 23
20 54 4
2 22 3
15 54 29
16 29 30
15 7 28
2 12 25
11 36 28
19 19 33
11 39 34
14 33 2
12 27 54
16 39 54
18 55 23
1 14 21
14 57 48
2 37 21
23 26 20
20 45 51
23 33 1
16 48 8
16 42 5
16 48 49
8 28 0
22 40 38
15 59 34
21 5 1
12 9 13
4 20 42
22 6 14
10 39 44
12 26 23
23 57 2
14 18 19
19 9 23
13 21 56
4 1 7
12 21 26
6 52 35
19 1 1
8 44 41
9 31 24
7 31 30
9 58 50
17 29 37
15 55 49
3 11 25
22 32 37
1 3 15
17 22 24
18 22 38
16 25 25
13 12 53
15 0 46
10 50 53
22 33 39
16 55 21
15 31 12
12 46 48
12 5 24
0 44 6
19 20 18
18 39 56
14 25 31
4 37 28
22 43 21
2 28 27
6 55 0
19 42 45
6 24 45
18 9 25
23 25 54
0 47 39
8 39 37
15 4 14
16 56 42
2 6 14
7 18 11
22 59 25
7 41 19
22 18 9
8 8 41
6 36 11
3 39 40
9 39 6
18 30 28
6 0 36
3 28 45
10 28 20
15 31 15
12 39 43
9 20 20
1 13 29
1 18 35
12 28 55
11 41 44
14 5 1
14 47 50
0 2 31
22 59 0
19 12 3
14 24 34
20 35 3
10 32 37
23 30 20
11 26 41
12 43 55
20 24 33
8 19 43
2 23 46
20 19 43
5 29 31
2 28 47
15 41 58
18 3 9
20 22 37
9 58 55
18 36 1
14 32 45
9 8 59
19 1 48
10 25 21
5 35 27
19 36 3
2 58 42
4 19 49
17 22 33
2 23 16
16 26 46
10 4 12
18 48 36
16 53 56
3 56 48
15 19 18
13 6 52
4 19 7
19 2 55
22 43 49
6 12 58
7 21 59
22 4 53
6 44 36
18 24 17
1 2 42
7 51 48
12 49 57
0 18 57
22 16 45
12 29 55
6 44 23
6 3 46
13 3 1
16 12 28
0 12 56
17 22 17
6 31 1
12 38 43
15 57 10
9 21 27
11 41 35
0 20 13
18 39 17
7 38 16
23 29 49
20 19 15
3 22 8
15 4 19
12 18 29
2 44 30
20 47 16
20 30 1
21 16 32
12 53 38
20 12 34
22 30 18
20 15 41
18 7 40
10 55 32
16 17 24
2 57 2
13 13 13
20 24 55
8 9 38
9 6 54
12 40 49
1 23 2
4 31 15
22 52 46
12 56 17
9 21 42
21 32 13
7 52 20
4 16 48
23 35 57
19 24 46
16 8 7
18 18 34
19 37 47
4 12 47
7 47 24
13 9 52
5 56 42
14 27 39
1 10 54
7 52 4
22 53 15
13 8 15
21 35 8
12 21 21
18 6 10
6 31 19
1 25 38
1 6 34
7 23 11
10 43 4
7 16 31
12 11 31
0 17 20
11 16 41
2 40 23
7 24 15
8 22 52
1 21 15
14 16 16
2 50 48
18 50 32
4 22 36
9 1 3
16 31 52
19 37 31
7 18 51
11 40 18
2 3 21
21 19 40
5 45 2
16 47 12
16 37 33
14 39 19
18 2 45
17 48 18
22 35 21
21 31 12
13 47 42
19 13 45
17 26 4
20 10 36
17 15 37
23 5 9
1 21 51
5 5 50
14 41 27
14 21 25
21 16 25
0 46 28
0 43 12
1 21 8
18 37 14
0 11 41
0 41 20
21 39 42
7 16 9
19 54 25
1 35 19
19 19 44
9 13 34
5 0 38
23 11 6
16 7 2
22 46 57
11 4 17
1 0 17
6 17 13
6 59 52
4 14 13
5 40 5
6 49 51
11 58 6
4 46 36
1 42 6
14 53 42
2 53 9
9 52 30
7 20 54
15 35 25
3 13 43
2 52 28
16 28 2
13 11 3
5 52 53
17 4 44
22 28 27
8 16 13
3 29 50
1 21 32
1 33 31
17 21 17
2 58 49
16 7 6
12 47 40
4 44 49
8 10 2
5 55 54
2 26 3
21 36 52
0 25 58
4 53 1
8 12 20
12 47 47
7 12 4
2 19 26
5 12 37
21 13 0
4 38 55
16 59 21
11 48 4
6 56 37
10 36 16
16 27 59
20 40 18
10 29 10
3 3 4
22 57 27
4 25 28
11 14 4
7 6 24
16 30 16
19 6 24
22 48 36
21 24 51
11 43 34
1 1 20
10 14 1
21 30 24
15 8 18
3 24 52
7 50 18
10 30 9
17 59 30
13 42 49
20 9 29
21 43 2
15 5 1
17 24 42
6 35 44
3 4 54
16 15 26
17 21 22
8 8 52
16 12 32
12 13 16
19 4 16
2 11 51
15 12 28
3 16 49
8 11 29
6 10 57
6 39 33
20 31 32
2 36 55
19 48 5
12 59 34
9 17 4
11 35 12
4 11 29
14 10 10
5 3 30
15 4 3
21 55 25
1 17 13
3 54 0
3 10 29
21 36 33
20 41 29
3 4 29
3 43 2
16 43 24
12 5 22
23 24 7
10 28 19
20 42 48
0 47 25
11 13 29
17 55 58
8 56 3
2 3 11
22 36 59
18 3 57
23 25 19
13 44 42
21 49 20
12 34 48
1 13 13
12 30 37
13 9 54
11 56 7
1 24 28
9 25 52
0 14 33
7 57 35
12 8 21
15 6 47
18 6 38
6 1 30
23 0 19
7 34 15
15 46 20
20 21 36
7 26 56
6 30 6
12 35 21
23 17 0
19 14 29
3 16 34
2 17 6
16 13 44
9 31 2
22 23 17
5 8 34
23 39 17
3 25 5
17 32 26
13 56 25
6 35 10
12 47 8
23 34 35
19 8 44
2 48 50
21 29 42
11 51 16
14 53 29
14 36 6
17 17 16
14 3 39
16 21 11
20 56 20
10 0 51
18 35 17
1 9 39
0 46 18
6 7 49
0 11 29
4 59 37
9 21 38
18 34 52
11 32 48
0 23 49
7 16 56
23 1 53
19 13 39
1 36 5
18 48 39
3 6 8
5 38 55
6 58 6
22 33 15
11 29 7
23 21 48
16 2 54
4 3 49
22 59 35
14 9 31
14 3 47
11 2 50
16 54 23
15 21 25
22 16 0
21 35 12
21 21 58
11 50 22
1 21 2
5 6 53
19 52 54
13 4 40
10 11 19
3 11 15
18 21 7
8 18 29
19 18 52
22 41 46
11 12 41
3 30 57
6 8 8
7 50 25
0 31 7
13 2 25
5 18 19
13 45 23
3 52 30
4 50 48
23 53 34
11 21 12
0 54 15
20 24 30
3 12 45
20 39 26
21 48 34
2 31 27
0 1 8
4 25 46
21 21 22
2 40 38
7 47 43
0 7 37
10 52 29
5 2 4
0 12 7
15 20 38
23 37 54
15 9 58
11 43 0
16 50 3
11 40 59
8 57 47
2 1 38
1 0 11
22 8 44
9 16 55
16 13 37
1 28 51
12 59 27
19 29 25
7 30 27
21 13 36
15 50 45
19 16 56
9 6 54
23 20 18
2 31 22
8 36 44
11 42 59
18 33 13
20 15 31
22 41 15
1 46 22
6 9 30
20 39 26
20 21 35
21 56 21
7 0 51
4 1 12
18 9 48
15 11 2
19 6 11
10 48 57
12 51 9
21 41 27
14 22 45
22 5 20
1 14 54
4 21 14
9 34 56
22 1 14
18 16 21
23 49 8
21 47 5
18 21 6
3 35 56
22 28 41
4 6 51
2 40 56
0 6 27
22 2 7
20 26 0
18 52 37
12 0 0
2 37 49
2 41 35
10 43 14
9 36 44
8 27 19
22 43 53
17 39 38
6 13 5
23 27 57
22 38 12
16 45 8
14 21 23
18 22 8
6 39 54
16 16 42
1 43 30
12 36 52
15 2 38
20 31 17
19 37 49
23 37 30
12 56 15
17 37 22
7 11 56
13 18 7
7 7 21
23 12 38
12 22 11
16 28 24
16 28 53
18 10 12
23 42 7
15 18 28
15 15 46
3 49 26
20 20 40
5 30 45
22 23 22
17 55 55
14 16 18
19 57 36
4 11 5
21 42 2
12 42 49
22 34 23
15 55 27
4 23 47
10 25 53
2 51 2
20 20 12
5 31 27
6 10 4
20 21 38
4 3 8
16 11 19
22 29 21
12 27 12
18 24 27
5 11 2
21 18 52
0 39 54
12 16 16
20 36 6
7 25 54
12 34 5
9 20 8
20 38 28
10 56 31
1 17 16
17 43 22
22 21 41
21 58 49
9 58 42
2 51 31
6 17 59
19 23 21
11 23 27
14 20 59
12 10 19
19 7 13
17 42 43
13 50 33
23 45 35
22 31 23
17 6 17
3 40 46
19 32 24
4 37 14
21 28 24
15 31 39
4 2 38
2 14 41
11 32 44
3 40 42
7 29 8
19 18 56
1 4 20
3 15 1
20 29 5
0 24 12
15 53 3
5 17 8
8 59 20
23 17 7
1 21 59
4 45 18
17 34 30
20 53 35
17 36 57
8 33 56
9 55 41
3 36 16
14 10 47
19 52 46
15 32 13
14 9 22
7 34 59
15 37 7
6 41 36
11 20 20
16 53 38
11 59 3
11 10 48
0 24 31
13 47 32
10 8 24
2 4 20
1 30 24
0 18 44
2 59 3
9 23 11
4 20 26
8 43 52
17 51 29
17 5 58
5 39 5
6 45 40
9 1 59
12 41 38
7 15 41
5 49 9
22 59 4
0 2 8
15 54 33
23 29 28
1 59 51
6 35 45
3 48 21
19 19 57
13 58 5
20 41 54
21 7 26
22 2 55
5 38 16
19 18 13
19 13 20
11 6 18
21 35 24
1 56 27
12 26 0
6 50 55
10 20 57
4 29 7
18 31 44
22 31 36
11 58 27
10 41 3
10 7 31
19 46 36
17 29 22
16 54 48
20 9 21
21 23 39
8 40 16
5 50 59
7 53 28
22 34 46
15 10 21
4 41 40
23 29 31
3 36 2
11 6 17
16 45 54
16 57 3
23 22 44
13 26 35
20 18 18
19 58 16
7 36 59
6 51 54
23 54 48
8 34 37
1 21 53
10 5 25
3 3 32
6 11 50
3 20 39
5 32 47
2 29 10
10 15 19
6 58 10
10 52 15
1 7 44
22 33 36
6 35 28
1 29 27
0 35 53
7 10 34
3 8 11
4 35 28
5 55 19
16 57 11
8 57 57
3 24 37
11 41 54
22 8 18
16 59 39
18 14 38
11 4 53
5 20 33
0 41 0
22 58 6
16 27 34
14 7 18
14 15 6
0 41 59
2 4 37
4 29 46
19 57 25
10 58 10
11 21 8
1 45 4
1 22 55
22 12 20
1 22 54
7 36 22
6 26 39
7 54 10
6 59 53
18 13 50
18 57 14
21 53 58
18 26 15
18 27 27
23 49 0
2 33 9
0 39 52
12 7 26
0 25 27
22 52 58
23 47 29
3 58 30
7 4 23
23 41 48
3 57 59
14 18 25
16 45 54
6 21 29
9 15 28
13 44 49
6 20 36
7 0 10
6 3 52
0 57 40
3 14 33
11 52 30
9 46 43
3 56 39
19 24 24
19 30 11
10 57 30
16 23 58
10 0 14
12 55 25
16 18 53
8 23 25
0 50 18
14 10 10
6 20 7
0 2 5
1 26 44
17 37 35
21 42 20
2 25 58
20 23 7
19 50 9
3 51 22
10 8 2
20 1 35
18 54 1
18 25 2
4 14 19
13 46 1
2 17 0
16 4 35
9 55 31
13 14 49
3 44 36
7 55 54
8 45 17
12 13 18
2 50 20
3 25 57
13 55 54
2 36 43
4 39 24
19 7 41
20 17 24
4 58 26
6 0 39
6 36 6
3 34 56
21 23 22
23 27 57
23 55 30
7 1 55
1 7 26
23 30 30
5 13 38
10 6 49
13 6 23
9 41 39
0 14 44
23 45 59
14 34 44
23 1 19
11 48 22
12 40 8
8 2 35
6 34 37
2 15 34
9 30 36
16 24 48
1 5 52
0 32 19
10 2 17
22 41 23
9 6 43
13 0 58
11 9 46
0 52 28
23 8 59
23 41 9
20 14 55
8 24 49
15 16 11
17 56 24
2 3 32
5 49 2
6 43 56
18 22 24
11 33 52
4 14 59
3 2 32
13 25 47
3 40 37
0 15 50
8 58 33
23 8 13
16 23 5
18 13 7
14 47 40
12 47 17
18 58 58
4 38 0
4 0 27
14 10 28
18 44 51
7 30 3
5 12 25
6 47 50
6 0 8
4 50 55
6 24 22
22 49 12
20 4 7
21 18 47
13 22 45
21 5 31
1 57 38
2 20 26
23 46 49
13 26 4
23 57 48
19 25 50
2 38 22
22 56 15
6 47 34
17 49 44
10 20 48
16 24 55
10 6 46
1 26 21
8 29 25
7 11 43
6 40 54
22 31 25
7 30 40
14 11 47
21 59 47
0 5 26
14 37 39
7 42 1
4 13 55
15 24 15
15 37 26
19 4 45
1 59 25
15 26 44
14 14 39
21 8 49
19 20 29
14 28 3
11 2 30
21 59 57
15 25 11
11 7 43
7 25 53
5 47 31
3 34 42
23 11 53
11 12 29
3 19 14
10 1 49
17 50 26
11 8 26
7 55 46
18 14 6
4 30 51
5 27 0
19 9 4
5 7 14
2 39 58
16 36 21
5 51 52
11 41 3
5 40 48
7 57 0
12 12 43
7 14 15
19 21 18
20 36 30
2 24 53
9 50 23
13 58 22
19 34 38
12 8 26
6 8 10
20 39 13
13 11 46
14 53 29
18 23 51
6 33 29
12 49 7
21 17 25
23 45 5
23 8 22
20 57 4
20 25 5
14 12 8
0 53 48
3 12 8
13 10 6
17 39 23
23 57 38
17 23 35
17 38 40
2 8 52
4 14 25
1 53 6
10 44 3
0 44 56
1 32 11
22 12 39
19 13 41
23 17 21
7 25 32
17 48 40
14 32 52
15 15 17
0 20 1
8 12 54
21 17 0
5 6 6
14 11 25
11 55 52
15 30 33
3 50 16
12 7 49
6 45 23
23 50 28
16 33 56
7 6 59
10 28 19
19 43 39
22 3 52
17 7 43
21 22 58
15 42 4
6 18 11
10 8 42
17 17 2
23 54 15
9 46 35
2 46 51
20 39 11
2 31 9
18 30 51
23 40 4
20 21 51
6 53 23
23 24 1
12 53 50
6 28 5
21 53 22
13 21 41
3 15 55
16 45 8
5 26 49
16 20 0
21 35 43
9 10 22
12 27 29
0 29 51
20 28 33
7 20 40
3 46 5
7 39 0
3 21 9
3 28 56
20 15 17
17 46 46
2 39 15
5 18 20
14 10 53
12 54 36
14 37 37
23 58 18
17 15 53
19 24 55
5 40 8
1 52 49
16 56 16
23 13 55
3 35 38
21 12 17
2 32 54
21 43 1
11 13 49
5 13 53
17 59 7
18 18 47
21 4 41
23 37 58
23 28 6
20 14 31
9 51 36
18 49 3
14 30 24
1 40 45
17 37 52
8 49 27
13 31 45
11 27 51
19 48 3
6 19 14
22 28 45
21 37 27
16 27 28
3 38 4
6 43 50
20 36 50
10 59 51
20 37 10
22 44 50
1 56 53
4 10 55
12 7 25
14 45 51
11 1 4
19 11 21
16 5 13
18 28 25
1 47 6
20 10 13
18 54 20
12 26 25
11 48 30
11 28 2
5 21 8
20 17 24
12 57 47
19 15 24
5 22 39
9 27 19
13 50 8
17 42 18
5 12 7
22 14 47
0 29 38
12 52 29
20 21 10
11 37 3
9 40 2
2 39 38
6 39 2
12 25 44
5 29 49
0 29 44
19 7 38
8 13 48
17 51 3
20 34 16
15 12 16
17 45 49
21 16 56
15 27 3
3 56 43
0 27 50
13 51 25
3 16 58
4 3 35
16 5 0
18 17 11
4 7 14
4 4 47
7 7 24
5 32 16
2 24 22
4 9 58
0 37 18
21 49 42
17 39 52
1 54 30
8 52 22
7 58 56
3 47 54
13 20 49
7 57 36
3 6 24
9 17 18
5 12 30
8 24 40
15 4 16
15 38 36
4 37 51
22 19 52
18 26 58
14 57 11
3 55 24
22 7 21
14 11 25
0 8 13
5 48 15
5 49 2
18 30 49
21 17 34
13 11 45
20 53 48
12 26 33
5 24 44
9 5 4
22 44 53
5 22 21
4 55 10
20 27 55
7 26 54
19 33 48
9 26 43
22 9 13
2 39 13
1 2 31
10 53 0
8 22 19
16 54 9
19 30 58
14 45 6
6 31 34
8 35 48
10 59 41
15 26 41
14 28 13
1 39 6
6 3 22
12 34 39
21 28 5
6 9 41
8 13 36
19 21 9
12 52 33
6 21 22
21 13 57
11 59 54
9 8 20
1 27 43
9 46 34
23 7 50
15 15 33
20 27 50
0 45 25
1 27 1
15 55 43
23 42 55
12 16 6
13 42 35
2 33 36
7 37 23
1 23 52
5 28 3
6 29 3
10 26 17
6 36 43
12 59 37
8 45 39
11 19 7
19 51 32
20 29 36
21 29 58
7 18 29
14 30 31
8 20 21
21 14 35
2 28 20
0 10 27
1 37 25
18 24 41
4 30 11
5 53 36
10 54 6
14 20 5
14 15 37
9 50 49
17 37 0
21 28 17
20 32 5
17 5 10
20 44 58
13 41 20
12 21 40
23 46 5
4 7 50
13 19 27
21 8 48
6 45 31
14 48 25
12 33 41
18 3 37
3 33 41
0 24 14
8 23 28
6 51 57
13 21 16
12 49 47
19 14 36
14 39 26
13 25 56
2 26 5
18 22 22
15 27 49
9 18 57
22 33 54
6 13 10
12 12 10
13 40 50
10 50 36
11 43 34
23 19 24
8 5 34
17 4 39
10 25 14
4 49 25
20 42 20
22 34 50
16 26 46
18 44 13
7 12 33
5 0 35
14 8 5
23 46 22
20 33 2
20 38 30
11 0 17
15 19 18
16 56 22
16 7 52
18 8 10
11 47 55
5 9 39
6 37 1
14 56 43
9 16 13
13 13 58
10 39 10
19 29 50
15 5 30
10 23 18
8 6 16
3 51 32
20 35 12
5 45 16
9 56 5
21 53 36
13 35 27
22 13 48
5 51 17
7 51 34
18 25 18
11 57 21
20 55 50
2 21 57
11 23 39
0 1 47
10 34 29
17 43 54
8 5 26
8 57 48
2 21 51
2 40 2
7 41 46
22 51 54
0 11 21
1 30 39
21 14 54
19 5 40
7 24 18
20 32 7
19 35 0
11 58 54
5 35 24
11 37 58
21 17 22
11 38 31
20 36 32
5 50 29
21 48 15
7 53 46
22 23 53
22 43 23
20 39 16
9 55 49
0 59 52
10 55 49
5 55 26
23 44 52
0 1 0
22 6 14
5 43 15
11 24 52
17 0 25
19 23 4
2 47 57
16 3 51
14 53 16
22 33 58
10 16 9
1 37 16
4 23 19
21 25 58
15 36 44
1 58 59
10 5 7
4 0 57
5 40 40
2 6 46
3 22 47
18 18 11
16 33 27
14 16 56
2 38 47
9 38 50
3 48 31
18 38 17
21 6 20
18 54 43
5 6 9
1 27 35
16 0 49
21 29 20
2 17 56
12 13 21
5 35 12
17 20 35
9 20 44
1 3 55
21 41 15
13 16 26
9 28 56
23 7 22
1 17 31
11 26 50
17 55 11
2 9 36
21 6 24
13 21 9
16 23 14
16 4 31
10 43 51
8 6 5
19 38 5
20 20 3
20 17 55
19 12 29
19 53 22
14 26 28
3 56 53
17 11 3
6 46 58
8 40 30
23 21 35
4 15 39
8 19 32
9 42 51
12 46 33
8 9 11
9 40 40
3 40 1
9 30 17
10 5 17
10 59 43
10 55 7
0 33 13
7 54 24
13 3 25
3 36 46
21 10 13
6 34 7
16 25 9
10 36 27
7 23 4
6 20 56
16 49 14
20 41 20
10 54 27
21 14 24
4 2 3
2 38 55
15 32 50
6 53 50
6 18 12
3 25 42
20 34 42
1 53 32
1 59 59
18 29 9
11 52 34
22 34 51
12 25 11
1 38 47
9 41 34
5 43 52
2 3 35
21 52 11
3 10 20
20 59 27
6 25 1
6 27 5
5 21 2
6 27 54
23 55 56
14 39 19
3 45 36
12 29 8
15 51 11
3 51 4
18 37 39
8 50 56
9 17 56
3 13 32
10 36 39
22 56 57
20 11 59
6 54 21
0 8 1
8 31 13
1 42 34
7 26 50
13 52 50
7 58 6
19 37 45
21 57 8
14 52 41
18 43 15
6 31 32
0 59 33
3 37 55
6 48 46
22 36 12
23 20 42
19 14 10
3 26 36
19 2 32
22 2 21
13 36 46
19 7 54
10 19 33
3 21 50
1 43 11
22 23 9
3 54 38
6 31 37
8 19 28
13 2 25
19 49 57
18 53 24
7 40 4
20 24 26
2 37 23
17 29 26
21 59 58
10 43 8
22 45 29
6 13 30
5 37 12
22 23 21
2 12 55
16 2 41
21 48 30
1 1 40
1 24 46
14 28 45
15 19 33
0 59 9
18 43 36
5 42 9
0 23 57
11 43 38
6 37 42
21 26 27
17 23 32
22 16 42
14 21 49
17 26 7
10 34 58
5 51 25
2 57 24
3 22 9
2 8 9
8 8 21
8 15 33
20 26 13
4 12 7
19 6 20
17 49 55
9 41 29
8 31 34
18 9 47
22 41 6
16 56 34
12 7 57
21 54 34
4 38 28
2 30 41
2 24 3
17 8 30
16 56 35
16 10 33
7 6 32
9 31 57
4 46 38
14 27 31
14 18 47
6 10 46
16 0 6
23 23 13
1 42 16
7 42 10
7 35 34
14 16 45
22 35 11
12 7 46
1 39 23
7 46 43
7 41 55
0 12 20
23 37 57
2 23 14
9 2 27
18 11 24
0 46 5
16 8 25
5 6 31
10 44 29
15 41 2
17 28 39
17 18 32
16 59 5
1 6 28
3 14 54
7 8 39
0 48 57
11 55 21
18 26 33
14 1 44
21 16 23
10 56 52
12 41 31
21 20 53
21 32 55
1 54 10
8 30 49
18 30 33
13 13 35
15 18 31
19 26 54
23 7 44
5 6 11
11 0 4
22 33 33
9 15 24
17 32 45
2 15 2
6 35 13
8 41 42
10 25 28
5 40 34
19 43 22
21 28 58
20 56 0
3 25 56
1 33 44
16 9 48
5 59 37
11 46 14
13 32 28
13 51 3
14 21 43
2 15 35
13 40 26
3 4 7
6 39 42
3 57 5
22 44 18
2 15 46
22 7 21
23 33 53
2 11 40
19 16 51
20 14 54
19 0 34
17 44 30
3 35 37
0 2 0
6 58 4
3 58 31
11 34 13
8 13 57
1 46 12
15 49 28
6 11 49
11 19 32
8 56 47
10 21 32
6 19 36
6 18 44
11 30 21
8 34 24
2 57 50
15 20 56
7 33 24
2 16 34
22 7 55
22 56 50
4 30 40
3 16 6
13 54 7
3 47 8
3 50 40
12 1 27
4 52 35
6 41 59
22 44 4
22 26 21
15 53 42
21 24 47
22 33 14
16 48 40
7 57 56
8 19 40
17 48 42
8 2 5
3 32 36
19 9 44
5 43 9
23 53 18
22 55 30
16 50 11
1 52 14
19 42 8
22 5 56
8 4 13
2 38 37
18 34 18
8 58 45
4 27 51
22 10 1
16 38 46
19 13 5
8 5 33
22 35 3
2 9 41
13 2 55
7 34 26
21 53 23
18 42 6
20 5 14
14 12 38
9 24 52
5 5 45
13 51 43
6 3 14
10 34 24
5 56 39
19 41 18
10 27 22
18 3 13
18 3 14
12 5 44
15 3 8
3 3 4
4 39 24
21 44 51
22 53 59
17 21 45
5 35 12
20 46 35
3 23 55
1 51 34
3 45 20
1 17 1
8 15 10
5 55 39
12 7 55
14 12 40
15 5 11
0 2 31
4 31 56
20 33 34
21 57 51
17 20 52
11 31 1
22 36 13
3 26 1
17 11 50
9 4 46
2 54 36
1 51 3
12 39 18
1 15 4
19 34 29
23 4 13
7 48 3
23 34 45
16 22 42
15 9 45
2 37 23
5 12 28
7 42 7
0 34 31
0 44 3
6 19 50
5 37 45
23 18 44
13 49 33
14 55 12
13 50 53
22 37 48
16 50 13
9 25 38
21 41 39
3 32 57
7 19 44
16 14 50
16 51 35
11 5 8
4 36 16
4 34 50
8 14 32
1 5 30
2 39 24
10 3 27
16 8 7
10 27 12
5 45 30
6 26 54
1 51 13
4 4 9
18 11 38
1 5 46
0 28 59
2 57 14
17 24 43
10 18 44
14 32 55
10 43 0
22 54 33
2 5 24
16 41 1
22 8 16
1 42 2
10 50 25
8 58 45
15 38 52
20 5 56
20 33 38
3 20 15
7 44 48
1 58 56
17 30 16
22 45 19
10 58 25
4 20 26
0 6 4
21 21 54
20 20 7
2 8 8
17 12 32
23 15 5
1 23 16
15 20 37
11 0 33
15 44 58
19 44 52
6 38 50
7 51 40
9 52 14
17 1 0
22 40 9
0 13 51
15 8 33
3 57 19
23 34 31
1 58 1
12 10 55
22 55 53
10 47 21
19 17 48
3 21 27
16 9 15
0 1 6
6 32 49
8 53 18
23 37 11
8 10 23
16 25 23
16 31 6
4 34 7
10 7 42
2 32 46
12 57 50
23 38 35
5 9 55
23 1 34
9 53 53
14 47 48
21 20 12
6 16 8
17 59 17
4 53 55
23 13 20
1 55 47
7 36 7
10 35 26
14 43 56
6 19 18
0 0 24
0 27 28
3 26 28
21 35 56
5 44 18
8 42 25
13 54 59
21 58 48
11 34 38
0 27 18
2 45 25
16 46 35
0 27 0
17 1 8
18 17 45
18 19 4
18 18 13
22 11 5
21 26 21
13 38 6
23 42 12
21 33 33
1 55 51
13 4 27
17 31 28
16 35 16
0 22 20
22 33 16
6 53 29
12 48 33
0 32 58
16 36 30
16 28 14
0 19 10
14 9 47
10 3 39
19 44 10
11 47 45
21 41 31
20 22 15
18 32 11
11 10 16
1 6 30
18 46 2
7 34 6
13 59 50
18 9 45
17 32 57
3 14 25
5 37 55
1 31 42
3 54 24
13 54 5
1 33 5
0 39 32
10 25 54
10 33 14
8 40 51
16 28 8
20 58 28
20 1 27
20 46 36
14 22 10
20 19 52
9 0 0
5 7 46
15 40 33
14 58 23
23 51 4
14 43 51
11 8 25
13 13 49
3 5 53
9 0 31
5 26 37
0 25 11
13 52 34
12 35 44
21 0 22
1 24 3
21 30 31
1 15 48
23 24 6
20 23 51
3 13 0
20 18 10
5 35 40
0 17 18
11 19 23
22 15 21
13 40 19
10 55 22
18 13 52
4 13 52
15 7 6
6 47 57
7 33 3
1 24 23
5 39 3
9 52 28
5 9 10
12 44 22
16 5 24
10 43 12
13 22 37
13 38 32
13 32 27
23 58 29
1 56 29
18 37 29
11 8 24
0 47 50
22 47 59
7 17 56
12 16 14
15 54 0
19 17 19
12 43 26
13 3 41
14 15 46
18 29 30
1 38 25
23 23 52
6 41 21
11 13 26
11 24 14
22 4 31
6 3 33
12 7 13
6 47 33
16 35 54
15 4 26
15 52 58
1 2 3
15 47 13
19 45 3
14 32 47
10 53 38
23 29 1
8 20 32
0 58 36
12 22 48
4 9 55
10 38 8
3 0 53
23 40 58
6 57 1
10 19 27
3 57 53
4 14 55
14 49 17
5 4 18
20 28 19
6 45 28
5 4 3
17 24 15
19 47 40
10 32 46
7 53 35
15 46 44
9 27 24
19 11 12
12 32 9
23 44 42
4 41 44
19 50 25
2 49 27
17 51 5
20 11 22
14 41 7
3 55 39
9 27 1
5 57 55
15 15 23
10 51 45
1 27 31
15 48 15
1 34 16
15 16 26
16 40 19
14 48 1
1 53 11
22 17 23
12 41 30
8 28 23
0 52 23
16 47 14
10 57 6
21 42 6
20 40 21
13 57 46
16 28 19
6 36 2
2 5 6
23 50 41
18 37 3
0 35 43
17 17 4
9 23 42
15 30 6
0 23 27
10 27 47
15 32 6
2 32 12
18 31 14
1 23 17
5 44 44
13 38 31
20 52 25
23 13 58
17 35 29
21 17 56
17 48 43
23 9 52
11 46 49
20 26 45
2 9 28
17 33 54
18 21 54
12 37 39
19 16 30
16 39 15
23 46 13
13 47 52
4 47 26
13 38 17
13 10 57
17 2 25
10 59 57
11 27 47
16 44 23
14 12 12
23 43 30
15 49 33
2 40 33
9 57 50
21 50 56
15 28 56
1 23 11
13 47 44
23 18 14
18 55 38
4 30 26
12 39 44
9 52 56
23 1 52
17 45 8
4 50 25
20 19 29
19 46 5
1 42 48
1 57 39
17 43 34
15 42 18
6 12 18
21 46 21
23 53 58
6 26 11
0 13 34
20 33 1
8 5 53
20 43 43
12 9 34
9 18 33
10 35 4
15 10 12
0 19 50
0 33 4
7 16 27
1 59 2
3 4 24
16 17 41
7 41 28
14 54 34
6 55 43
10 47 19
9 41 35
20 10 31
11 2 36
6 27 13
18 22 21
2 17 37
0 51 48
17 16 28
14 55 5
4 29 37
14 7 55
0 30 47
14 5 12
17 0 38
2 50 59
18 8 10
19 14 49
1 22 31
23 50 58
23 2 3
23 4 32
9 6 19
1 31 9
15 4 49
7 20 38
14 38 33
21 8 24
14 16 47
22 16 5
10 6 14
18 19 35
7 1 6
5 49 20
17 53 20
2 15 49
1 7 46
15 16 41
18 32 32
23 17 11
6 16 8
3 58 38
9 35 38
7 10 8
5 20 58
16 1 9
13 21 13
11 43 16
7 43 40
9 28 36
8 37 53
17 45 57
20 40 12
6 50 57
6 11 35
17 43 44
19 10 39
11 51 59
5 48 9
19 7 40
10 57 30
21 39 23
3 23 3
0 46 39
3 44 29
7 0 47
5 32 53
8 50 56
15 59 41
9 41 26
23 20 8
3 25 38
12 14 15
10 33 40
7 29 18
17 16 9
18 57 52
1 56 11
16 32 52
5 43 57
17 53 38
17 21 38
0 22 14
0 38 7
23 0 51
13 48 40
13 2 50
7 35 36
20 30 43
19 37 25
22 15 14
7 40 24
13 31 4
23 56 13
5 14 0
20 12 25
22 49 40
20 47 53
22 8 4
20 41 1
16 28 3
1 46 35
9 24 56
23 46 12
6 12 6
11 57 18
5 8 17
4 26 49
19 7 49
14 51 58
10 20 8
14 34 8
2 35 1
20 6 57
13 8 9
5 35 24
2 46 56
22 13 28
10 14 44
11 26 23
9 13 4
11 58 57
15 42 1
20 41 18
6 56 14
16 34 57
5 58 48
18 51 2
17 43 46
14 45 35
9 9 7
6 5 50
3 32 34
14 31 27
5 42 56
11 11 28
2 16 25
12 3 44
6 38 50
5 28 40
3 46 8
17 20 49
12 5 29
13 53 52
21 39 3
21 30 6
19 27 12
22 9 10
10 19 40
11 41 45
23 13 0
11 39 23
8 18 53
13 3 21
22 31 8
18 17 51
10 8 13
22 38 47
17 21 28
14 20 44
13 16 27
11 16 42
8 40 56
16 33 36
13 28 42
0 43 29
4 7 1
9 9 13
13 15 55
10 11 26
14 12 48
11 40 41
21 2 53
4 2 25
9 0 12
20 34 40
18 14 43
14 38 47
1 58 12
12 16 17
16 11 25
11 58 9
4 27 7
8 28 50
20 28 58
22 34 54
23 0 30
12 53 41
3 31 23
20 59 42
23 17 30
21 51 18
2 17 47
17 39 10
17 45 45
21 15 59
8 57 35
16 44 33
10 2 48
22 53 56
13 35 33
23 17 19
5 11 54
2 44 14
10 37 25
10 28 58
23 29 58
6 43 30
18 4 51
4 23 10
17 46 41
9 1 53
15 12 23
5 47 26
16 3 28
18 32 29
6 1 54
16 35 16
10 22 32
23 24 44
0 12 40
0 15 17
16 30 21
23 24 47
16 0 20
19 28 54
22 24 41
0 15 51
1 4 27
1 1 51
2 36 32
19 0 55
14 56 8
9 11 41
10 16 45
18 9 3
2 16 45
0 20 29
19 47 5
23 22 54
5 49 2
19 14 21
4 53 11
12 25 57
3 14 40
3 41 43
4 23 32
20 37 55
10 5 44
15 2 26
13 36 39
6 37 1
2 47 38
0 54 3
8 55 49
2 11 16
12 41 49
13 19 45
10 44 43
13 50 54
22 12 24
18 0 31
8 44 42
6 53 21
1 40 22
15 39 49
8 26 55
20 19 3
16 43 36
22 27 46
18 16 38
5 6 13
0 58 54
15 18 20
23 2 39
1 35 8
19 42 58
7 23 46
22 24 41
20 32 35
23 57 7
16 17 4
14 0 51
10 57 49
6 52 24
7 25 3
6 17 23
19 6 41
11 26 43
1 21 29
13 32 31
11 18 28
4 50 36
5 42 53
8 13 4
13 29 49
22 51 6
21 56 57
3 27 24
15 20 44
17 44 0
15 37 24
16 2 50
15 54 59
9 3 8
12 30 30
4 45 22
12 44 56
16 46 27
8 37 59
19 37 36
23 44 0
8 57 6
9 33 39
18 28 57
5 46 24
9 52 1
18 9 22
18 23 37
14 30 50
0 44 5
8 13 58
23 50 27
4 18 40
12 59 36
5 10 32
23 33 39
17 21 12
12 16 56
0 47 19
21 43 24
7 9 2
23 46 10
4 30 1
21 26 28
11 54 14
13 24 42
17 56 51
3 30 22
23 56 6
11 52 44
5 19 24
4 33 30
6 55 30
4 30 36
6 11 19
4 41 46
15 55 36
21 13 27
7 26 40
23 8 17
4 24 32
19 25 16
14 52 59
9 44 27
2 53 28
19 6 24
18 17 14
21 10 11
6 22 40
3 13 31
4 56 33
21 5 21
11 45 32
0 41 19
0 1 52
6 30 54
18 10 35
19 48 45
23 56 39
16 9 29
23 12 0
8 42 31
4 2 5
21 13 42
15 2 59
21 10 28
8 39 40
14 47 21
20 55 42
5 41 38
10 40 36
21 18 44
15 58 15
13 11 2
18 1 33
10 42 53
13 11 39
2 45 33
20 28 51
0 50 37
0 36 14
14 35 6
20 36 7
14 11 32
21 38 35
21 17 47
16 40 43
23 3 39
19 57 43
22 27 5
11 43 34
6 59 17
14 5 30
1 42 24
4 33 50
0 3 53
14 28 56
7 14 17
22 51 46
7 8 52
11 52 22
10 35 49
4 17 4
19 51 5
20 28 28
0 40 33
14 30 44
19 24 47
14 14 48
7 40 20
2 9 50
11 1 28
22 36 15
12 29 25
8 3 6
11 32 54
6 42 30
7 24 20
22 28 19
12 21 9
5 43 5
11 55 3
7 41 18
18 10 16
3 19 20
13 10 59
0 24 6
16 4 20
7 13 38
16 1 10
7 28 35
6 1 32
13 38 51
9 57 30
19 45 10
23 15 6
17 29 21
10 31 19
15 47 16
13 45 44
6 8 57
20 2 39
22 4 12
20 35 15
3 11 2
16 16 40
9 51 6
18 57 51
22 48 53
8 52 51
4 19 42
20 0 14
4 10 49
18 24 16
21 32 8
14 28 49
10 7 55
1 40 9
23 36 56
12 57 54
6 44 41
16 51 12
7 12 17
4 5 11
15 24 41
10 35 21
10 31 44
8 54 54
16 24 34
7 57 55
15 1 42
4 33 30
19 35 26
1 1 24
20 50 46
4 20 38
14 23 6
5 44 10
19 33 47
3 36 34
2 17 29
13 46 55
12 41 26
12 15 4
3 36 3
8 33 13
3 53 7
15 24 34
6 1 51
17 21 50
3 8 34
6 29 59
10 4 24
5 28 34
6 20 1
10 38 14
11 57 2
13 18 47
3 38 30
2 54 44
7 8 30
18 1 5
17 5 28
6 12 42
6 56 3
1 49 58
11 21 1
14 53 20
14 6 1
12 56 4
8 25 13
3 8 39
14 45 45
9 16 23
4 36 41
2 7 53
4 22 0
8 43 23
19 16 16
18 19 57
7 10 27
18 6 13
10 12 39
2 0 39
21 17 32
1 5 53
15 47 8
9 44 29
3 52 35
21 22 30
17 32 3
7 49 16
16 56 50
22 14 33
16 20 56
11 8 34
7 33 54
13 2 29
16 31 5
20 53 11
5 52 0
14 51 41
21 58 50
11 24 22
8 47 52
12 54 59
17 32 30
9 50 39
10 39 29
9 18 0
3 45 35
6 7 34
7 51 39
3 27 36
20 19 57
1 2 53
6 7 3
18 16 12
21 10 54
14 33 13
0 47 4
13 12 46
9 14 47
15 13 8
3 51 29
1 54 11
5 39 45
14 33 38
6 50 31
8 27 33
22 33 57
11 34 51
22 11 31
23 49 38
8 57 4
13 30 28
22 25 12
1 35 25
5 2 58
11 22 1
17 57 10
11 44 21
7 1 0
20 8 59
5 44 19
4 21 17
11 57 16
4 8 57
12 29 16
19 46 21
20 25 57
15 29 54
16 48 5
13 44 23
22 24 55
22 46 39
21 48 50
8 20 20
7 6 56
19 29 42
20 1 44
15 16 25
6 52 7
8 55 29
23 14 28
16 4 1
20 5 27
5 34 9
21 57 18
19 19 44
8 54 15
21 47 28
8 54 51
21 37 15
3 11 38
18 6 32
19 50 58
8 0 59
2 10 42
5 5 14
10 45 41
15 41 57
10 38 46
21 39 55
10 20 0
17 40 48
0 54 15
16 4 29
10 11 18
15 24 1
17 37 28
3 22 17
22 16 12
0 36 19
6 39 47
15 19 26
2 27 43
23 27 45
8 8 14
17 51 11
15 26 59
0 35 48
23 11 58
12 38 35
15 56 44
0 49 50
10 48 46
6 30 53
11 42 17
8 14 4
1 45 39
3 26 19
11 6 3
16 18 24
19 29 56
5 1 43
14 33 21
8 6 13
3 22 0
7 55 22
8 42 35
5 11 25
4 37 0
2 7 48
4 37 19
17 21 9
18 35 21
13 9 59
8 0 42
3 20 55
1 19 16
12 9 59
3 48 53
20 43 34
8 9 32
1 12 45
18 27 25
2 30 39
3 7 55
11 14 42
11 33 11
15 34 35
22 59 55
7 22 15
5 29 19
19 35 5
18 35 54
7 17 40
22 57 38
3 46 13
8 22 18
4 46 47
3 37 40
13 32 29
21 27 39
20 21 36
19 28 30
13 40 18
7 54 49
5 37 48
22 21 33
23 28 42
2 48 33
8 13 14
6 51 17
12 17 6
20 35 18
6 49 12
16 14 28
5 8 9
10 2 39
15 2 6
16 44 38
11 25 45
16 30 19
9 54 40
10 0 7
10 46 3
3 26 38
22 13 54
21 18 25
10 44 47
19 36 33
5 46 22
8 59 5
9 34 44
21 43 1
1 10 7
5 25 18
21 0 44
23 52 10
9 5 39
8 8 9
13 13 52
14 34 31
8 52 2
10 31 43
7 1 25
8 38 1
17 6 41
8 29 53
21 40 38
21 48 27
6 0 25
23 25 38
14 30 29
20 30 38
21 42 39
8 38 37
2 41 2
21 50 1
2 41 14
16 40 48
19 47 44
11 42 47
10 19 41
2 28 41
11 42 7
9 45 35
8 41 23
10 19 22
11 53 39
2 41 50
7 0 2
0 7 0
11 18 17
11 13 26
0 49 34
19 6 2
5 3 24
15 50 32
21 49 2
23 13 7
5 52 53
10 53 7
1 33 16
5 16 49
0 26 52
11 6 38
5 2 44
17 57 49
13 54 14
20 1 47
15 50 34
23 53 29
7 46 20
13 51 17
21 22 40
22 39 50
3 32 24
2 13 27
20 34 38
6 46 44
18 35 9
22 42 27
8 27 6
16 17 21
17 4 22
19 31 46
9 11 29
10 52 43
7 14 10
14 23 31
16 11 13
13 19 49
23 9 20
4 3 25
8 57 38
6 4 4
10 44 28
3 47 4
4 7 48
13 58 53
11 7 4
20 33 39
9 25 20
18 12 53
21 33 15
7 37 38
15 35 18
19 30 16
20 14 47
2 47 13
20 12 51
22 21 50
22 57 17
3 56 41
10 14 30
12 2 33
15 35 8
20 7 37
18 49 9
19 7 41
2 42 10
11 54 43
0 33 36
3 48 48
19 37 59
13 7 29
4 47 34
16 51 23
17 55 14
6 18 47
19 9 41
10 29 31
23 34 28
13 56 8
13 48 21
10 20 0
20 22 58
16 8 26
19 31 14
11 2 17
20 27 11
20 39 59
5 22 51
3 3 55
0 14 0
18 39 45
2 13 41
9 16 33
3 29 40
13 9 11
21 34 4
4 19 53
2 48 40
5 7 40
2 44 31
4 17 57
11 39 21
7 1 44
21 26 28
4 9 57
9 3 5
15 26 31
16 43 50
0 31 31
15 5 2
1 37 14
2 45 57
6 51 41
22 56 49
23 12 28
1 0 47
16 4 58
3 6 31
18 45 12
6 34 21
13 32 37
12 43 46
21 20 49
8 8 20
12 9 54
15 15 42
10 58 47
15 6 27
14 45 33
1 39 41
16 8 2
18 25 42
1 36 2
4 38 3
6 38 7
3 33 17
1 59 55
23 19 59
21 9 54
3 39 31
20 50 9
13 45 39
5 14 41
14 51 22
7 11 29
7 26 54
3 40 15
10 52 42
10 2 53
19 16 36
11 9 52
8 18 46
18 30 14
10 58 32
14 20 47
3 2 46
21 53 16
22 35 19
22 22 10
17 24 38
9 29 22
11 17 42
0 19 19
20 4 28
14 7 32
16 41 26
6 54 2
2 20 14
22 56 56
8 11 32
5 19 12
6 27 56
19 42 2
15 52 48
4 9 47
21 11 57
18 37 10
14 50 14
18 22 8
7 30 11
14 18 15
2 24 5
12 54 25
3 38 40
18 54 47
17 2 23
8 39 36
15 12 31
5 33 44
16 10 46
9 57 45
18 45 33
9 39 7
1 41 21
6 5 29
10 55 42
5 56 24
18 20 10
15 44 3
23 8 7
21 42 33
15 44 8
14 53 50
13 1 11
19 33 57
8 0 37
8 35 22
8 25 20
17 7 44
21 10 47
0 2 25
12 49 44
16 36 10
10 34 49
6 43 42
9 1 38
8 51 20
14 46 15
11 53 36
18 25 51
10 35 55
16 6 54
19 32 56
8 38 56
0 30 26
8 42 43
21 2 22
13 40 5
15 50 31
0 46 58
13 47 57
21 19 15
5 22 30
10 33 37
15 34 18
7 47 15
16 20 52
19 43 34
13 16 46
18 21 0
1 11 28
7 9 37
20 0 47
16 19 36
5 0 17
18 27 49
11 53 59
13 20 56
3 32 25
8 58 50
5 10 59
17 40 3
22 44 57
20 16 25
13 27 34
10 35 17
20 53 33
3 26 8
15 50 9
20 22 37
3 18 50
4 31 34
17 17 26
18 35 28
15 45 10
19 9 43
14 32 8
17 56 35
20 31 24
23 45 0
4 40 51
23 49 57
9 33 38
10 9 30
8 38 57
5 12 14
2 6 58
0 25 37
2 11 42
23 8 14
7 47 18
8 56 37
12 26 5
16 24 56
10 19 51
7 53 48
3 0 13
21 55 3
19 46 17
13 56 34
1 13 25
22 54 33
2 22 40
13 54 30
20 57 59
19 25 24
4 20 15
13 4 21
16 26 56
12 1 35
17 53 43
8 50 14
5 27 11
0 36 15
0 2 4
16 55 40
1 59 5
10 26 1
5 24 17
2 42 6
8 56 21
13 53 28
21 3 11
21 57 3
8 20 48
23 20 22
10 9 11
21 45 24
13 34 27
6 56 43
0 52 36
7 5 27
17 7 22
12 11 14
10 10 37
19 20 39
2 4 22
18 48 11
8 2 57
15 25 5
14 58 6
3 49 58
5 19 2
2 9 27
23 24 42
1 31 44
13 22 3
1 2 34
16 38 54
9 7 31
8 46 53
14 15 8
13 5 9
7 30 13
19 43 10
4 49 10
11 57 49
4 41 40
9 8 50
19 18 19
3 37 16
13 29 6
8 6 6
0 18 43
23 44 6
10 51 2
16 50 20
5 49 39
12 39 0
5 45 22
23 33 33
0 30 2
5 18 18
18 2 44
14 38 36
13 29 33
17 42 0
18 58 36
5 19 18
8 59 2
13 41 33
0 31 50
0 27 46
18 5 10
0 6 18
19 35 56
4 55 56
8 51 34
3 38 45
2 10 5
12 23 27
1 40 9
11 7 17
17 36 55
3 55 48
6 44 46
21 37 39
5 27 24
9 35 43
14 35 15
17 6 12
3 23 15
23 46 46
16 58 57
15 30 35
5 32 48
21 52 53
8 5 57
16 41 50
18 44 14
9 8 29
10 15 52
17 12 45
7 7 31
16 19 22
0 11 1
5 16 44
3 51 49
3 3 11
9 26 54
5 24 53
10 7 16
5 48 26
2 10 6
7 44 14
22 29 1
11 8 58
23 48 1
17 57 29
21 15 50
8 13 6
11 10 33
13 15 52
21 13 58
4 39 20
11 43 43
15 29 0
21 0 7
11 47 31
9 22 14
4 57 4
6 30 37
6 1 36
12 7 36
5 37 51
11 58 27
15 19 59
4 49 12
16 32 9
12 23 51
8 45 26
12 37 53
13 49 3
0 1 35
11 32 2
10 47 39
21 26 9
11 14 31
10 41 37
15 16 54
18 59 25
2 3 23
14 27 56
23 51 14
17 12 6
14 25 27
16 44 52
0 31 5
12 42 18
0 35 57
6 34 39
1 16 2
19 15 55
7 40 47
11 36 34
15 21 40
23 6 14
23 56 42
8 35 19
0 41 31
14 55 21
12 49 15
11 42 57
19 39 35
10 9 17
17 16 33
5 11 22
15 9 0
4 31 20
18 11 54
8 55 39
2 6 27
13 2 44
13 42 58
1 43 6
10 16 38
9 37 27
20 5 21
2 45 59
1 17 13
2 50 45
1 54 33
0 36 43
17 24 46
4 6 18
16 4 26
2 30 24
1 9 46
22 20 56
21 0 5
5 49 53
6 0 30
1 52 29
7 37 6
10 26 53
14 42 35
14 58 3
23 17 48
9 58 43
12 19 21
2 19 16
15 5 3
3 14 22
0 48 35
1 2 29
11 12 44
3 56 57
3 42 25
21 50 17
15 3 46
13 11 24
14 58 33
2 14 7
1 21 36
2 1 55
3 59 19
16 42 41
1 40 18
15 37 58
18 11 46
23 45 51
23 41 15
10 21 8
16 3 41
6 26 4
14 18 41
11 30 53
1 33 11
20 5 48
15 31 17
18 8 18
5 43 53
22 1 0
6 51 38
18 35 50
14 21 0
16 32 29
3 22 28
4 58 31
17 11 40
17 12 36
2 2 38
2 25 39
5 17 8
6 37 32
23 9 49
17 13 49
12 12 14
16 29 33
20 46 43
13 29 43
15 19 37
1 18 30
12 6 23
1 40 59
18 20 2
4 23 54
10 19 58
0 13 16
6 55 26
21 26 37
7 44 21
3 33 59
3 7 34
18 23 35
5 26 11
16 43 10
7 40 4
4 0 41
20 22 24
5 51 9
9 17 35
12 25 53
0 46 26
2 53 16
8 15 5
19 17 51
2 50 8
16 56 45
6 48 11
19 14 20
6 57 10
12 48 15
1 51 1
10 26 44
21 31 11
9 35 52
2 18 59
13 30 57
18 10 32
14 8 2
13 10 36
8 34 36
15 54 57
2 54 1
14 30 55
18 57 2
14 0 42
17 19 42
19 49 0
0 4 48
9 44 27
2 48 59
1 45 42
4 39 52
8 1 59
16 24 37
21 5 1
21 55 7
20 17 25
23 9 18
3 27 17
2 27 17
4 39 58
12 31 44
23 47 34
4 53 4
15 28 6
13 22 6
16 31 19
13 18 10
14 44 41
14 8 48
0 35 34
5 41 45
12 36 36
19 0 50
12 41 4
22 54 8
9 0 20
18 45 57
22 35 12
18 16 43
4 59 54
22 3 37
11 26 47
8 14 14
19 24 42
10 25 34
16 38 5
7 3 56
4 22 40
12 53 28
3 50 25
7 51 20
0 32 24
3 24 14
21 55 12
7 10 7
3 52 21
23 57 29
4 42 26
16 11 24
23 9 17
12 53 51
21 9 7
20 45 51
3 36 43
11 10 25
22 18 30
9 54 21
10 7 53
12 32 34
19 40 57
9 15 34
20 3 27
3 4 44
3 53 31
18 12 25
4 42 27
13 15 34
0 46 19
3 38 56
5 22 26
12 55 46
3 19 50
18 51 29
16 20 45
19 38 5
8 56 37
9 13 45
21 14 29
11 55 45
15 50 48
5 25 4
20 41 12
5 17 25
18 35 9
5 40 42
11 41 43
16 2 36
10 27 45
0 5 1
12 56 12
15 36 19
23 16 52
9 3 11
7 47 17
20 47 36
18 9 41
1 1 9
16 22 50
16 25 6
12 35 24
3 35 47
16 5 30
4 49 18
9 54 19
9 26 34
0 35 38
13 41 14
15 55 38
4 1 10
16 16 39
6 44 25
20 42 28
14 6 14
20 0 58
3 20 55
2 6 43
14 27 45
11 43 16
22 0 40
22 0 3
5 33 14
5 53 38
12 58 42
8 45 2
23 35 34
6 4 17
16 34 29
7 10 30
0 31 58
21 6 19
23 38 48
0 35 8
11 29 46
12 49 4
12 30 50
9 35 6
16 24 32
3 13 43
14 39 49
7 10 56
13 20 17
5 2 11
22 22 7
5 22 54
23 43 0
15 34 24
6 20 5
13 56 43
22 20 57
1 4 45
18 45 20
8 17 42
20 32 31
5 12 1
4 7 4
6 19 59
13 12 43
22 55 53
4 28 36
10 9 25
7 38 41
1 44 37
23 23 22
18 19 19
20 1 32
7 34 21
8 5 30
19 48 58
21 50 2
4 32 19
1 12 20
0 41 51
21 51 28
19 47 39
8 57 13
10 19 43
2 35 9
2 51 10
23 17 14
15 25 19
17 1 0
0 39 45
23 27 31
18 26 32
21 41 36
18 2 31
18 44 28
22 23 35
15 52 54
1 38 19
12 53 16
7 36 13
21 17 12
0 7 50
6 27 44
0 25 56
5 3 48
17 29 49
0 28 26
4 11 25
14 44 12
6 32 20
14 37 32
16 24 26
21 14 21
23 36 32
8 41 18
5 8 38
17 0 37
19 34 10
9 46 42
14 38 24
9 34 29
4 51 23
15 58 40
5 32 55
11 50 54
2 51 47
13 36 5
13 57 8
20 6 48
8 0 26
18 9 32
4 40 57
22 56 22
11 32 51
1 35 18
6 38 15
14 29 35
18 14 29
0 44 43
14 2 26
16 1 56
21 34 33
8 56 42
4 1 19
3 15 15
10 21 7
2 2 39
14 37 20
2 53 11
5 54 50
7 46 58
10 59 33
12 59 54
12 28 42
15 12 9
9 12 15
14 45 53
2 5 45
18 32 41
19 55 53
17 45 18
11 55 29
3 20 26
6 16 57
22 30 0
8 21 32
21 22 0
11 2 5
13 15 42
7 34 8
15 32 32
8 25 38
1 28 2
1 57 42
10 13 1
18 15 20
14 25 26
12 38 43
7 18 41
22 31 1
7 50 14
0 14 13
8 7 25
23 7 39
17 23 30
14 29 20
19 32 34
11 42 36
10 3 19
11 31 49
16 51 8
9 49 41
23 44 35
8 31 15
15 50 19
3 54 17
17 14 1
17 5 25
21 34 28
22 40 12
9 33 18
16 8 57
23 16 34
20 46 56
21 20 37
19 51 7
7 24 49
3 53 45
0 56 23
5 49 26
0 14 2
2 54 50
14 37 21
9 20 4
16 10 6
23 22 9
20 14 25
14 13 26
22 13 43
9 43 14
16 13 1
18 42 47
18 9 12
18 58 48
7 3 59
16 52 11
19 28 10
9 6 44
19 10 27
13 23 50
5 21 8
14 26 21
1 0 9
4 44 53
20 48 11
20 19 0
20 41 21
14 58 25
11 23 27
16 51 23
16 19 19
18 43 52
21 32 18
13 6 42
21 29 5
18 16 2
0 28 2
0 33 17
10 17 12
1 47 25
3 31 46
16 38 51
9 0 42
9 30 47
19 49 11
21 6 3
14 9 5
21 36 16
14 56 0
23 2 58
0 22 48
17 32 47
13 0 37
2 7 27
19 19 47
16 41 35
20 7 2
11 38 45
14 44 47
8 15 59
12 6 27
14 46 36
17 48 47
17 11 50
10 49 51
15 0 7
9 11 29
17 6 10
5 26 13
20 46 10
20 27 31
21 46 49
1 25 20
10 58 2
19 59 10
15 32 13
1 36 21
10 9 35
15 10 17
11 19 18
13 0 39
23 50 43
11 55 33
18 24 28
23 13 6
14 8 5
12 17 10
6 59 15
16 41 47
15 0 9
14 6 11
14 41 14
10 47 53
7 58 52
17 11 39
2 0 51
23 42 57
17 40 22
12 55 11
7 23 2
21 11 45
2 8 58
2 43 35
11 35 17
14 30 47
6 7 5
20 18 46
12 31 4
0 39 22
7 58 48
19 41 6
21 43 9
3 43 43
9 13 26
19 46 55
15 26 22
13 55 42
9 25 3
20 47 52
3 50 0
14 38 1
14 45 12
3 53 54
9 32 6
17 39 7
0 34 9
22 9 33
19 8 38
14 50 30
4 39 23
9 47 46
18 43 44
6 5 44
2 30 2
5 6 7
12 18 12
0 46 15
4 40 42
17 30 41
23 15 48
19 49 31
17 12 53
4 14 36
17 40 21
16 22 46
11 32 20
2 6 4
0 48 22
16 37 57
4 30 19
12 45 49
8 56 27
4 58 6
5 20 15
9 58 49
16 4 2
2 18 31
20 30 13
0 1 42
1 20 32
6 7 55
5 42 46
10 6 27
6 56 41
19 2 36
1 24 40
21 32 4
16 18 35
15 48 24
16 2 43
1 25 39
13 8 0
13 7 32
2 33 38
22 5 16
2 48 51
12 1 29
1 44 56
12 33 53
14 2 51
21 0 56
6 28 8
18 57 38
3 53 32
21 20 3
7 32 35
6 18 16
15 8 37
15 35 28
0 47 2
21 46 49
18 48 55
8 25 26
21 55 12
6 48 24
5 30 12
2 0 36
2 23 20
9 25 29
8 25 32
6 52 14
23 25 14
2 52 41
22 49 28
2 57 31
13 18 21
12 50 5
15 31 8
13 10 35
9 0 18
7 41 13
1 34 24
1 16 48
1 51 15
7 43 21
15 11 10
16 51 42
10 59 10
7 38 19
15 23 38
10 32 35
21 23 40
8 0 38
2 30 33
8 58 23
8 19 1
17 43 40
1 22 50
7 38 49
6 22 32
11 9 48
14 7 54
9 54 53
1 34 10
20 53 44
23 24 45
15 59 32
17 18 38
0 46 8
7 57 14
18 25 29
1 54 56
19 23 16
22 38 6
19 59 11
11 27 10
0 18 44
5 0 51
21 30 7
8 11 29
7 51 45
10 0 45
2 22 42
4 3 4
4 35 46
6 50 43
0 42 49
8 24 24
18 10 13
1 20 56
19 8 10
14 37 39
6 1 44
12 46 34
20 15 44
11 44 11
17 0 28
11 37 27
17 37 9
7 5 29
17 16 42
16 59 21
3 14 34
13 51 59
23 57 43
20 0 1
17 17 1
23 53 7
10 4 57
14 10 42
18 33 0
1 3 48
11 31 7
6 34 57
19 57 53
23 45 19
9 26 3
9 30 45
17 57 7
3 52 26
19 25 2
5 18 16
23 28 22
20 3 32
2 56 55
1 3 14
11 50 5
21 45 27
12 37 3
16 16 29
9 13 1
6 47 39
15 50 16
4 54 4
9 7 35
15 28 13
3 46 31
15 1 36
22 20 19
1 27 24
18 23 11
22 6 21
5 52 41
1 49 54
6 4 16
8 1 56
3 46 10
23 6 49
9 39 51
6 54 53
15 15 58
7 21 5
9 13 48
1 15 55
17 30 1
18 35 14
22 13 11
3 33 53
17 33 27
7 20 29
3 39 4
3 34 18
23 51 29
19 25 0
12 16 53
13 28 6
4 17 44
21 51 42
14 50 24
19 1 35
17 28 1
21 51 23
15 46 17
8 42 35
2 35 1
18 7 54
17 10 56
1 41 54
6 4 4
6 41 20
23 5 57
5 46 27
4 35 43
13 59 32
18 48 18
5 24 6
4 38 51
14 39 6
5 38 29
16 59 19
18 35 55
23 42 23
15 55 32
13 28 45
8 18 20
10 3 57
15 26 42
19 30 1
21 25 13
6 45 56
13 29 50
6 46 38
19 26 7
19 11 2
12 7 56
21 12 55
9 46 44
19 35 57
19 53 44
15 21 38
23 57 36
6 15 57
11 23 52
3 46 14
16 56 39
15 40 12
10 6 25
3 7 38
2 14 28
18 11 6
0 18 40
16 5 34
15 2 4
2 26 1
6 36 11
14 23 52
22 44 3
10 4 26
17 56 9
16 34 49
20 33 45
5 19 15
7 3 3
10 48 58
18 5 58
13 12 19
20 57 41
13 16 34
20 9 30
1 26 42
14 13 57
10 23 15
2 0 14
0 3 33
11 21 29
17 37 52
21 48 43
20 0 23
6 58 38
15 17 55
6 50 44
3 26 40
17 29 15
13 53 44
1 40 18
0 18 52
22 8 21
15 8 57
23 22 51
15 6 11
10 26 54
11 38 23
2 30 31
19 16 24
2 10 54
17 10 29
16 2 8
3 16 28
12 28 6
8 21 49
13 9 8
1 16 47
22 49 47
21 41 13
3 49 52
23 24 8
18 52 45
5 3 35
16 15 17
20 10 45
1 24 36
15 2 8
2 23 19
16 33 36
16 20 37
4 12 35
9 30 22
22 4 37
8 10 55
19 51 44
15 22 37
22 42 11
12 29 0
15 21 33
3 53 25
17 57 12
12 1 48
20 2 52
20 42 37
22 14 49
0 0 41
21 5 30
22 37 23
6 37 4
12 54 52
13 27 53
19 22 36
2 6 10
0 17 25
23 6 53
21 4 44
21 34 26
5 4 28
15 15 7
13 38 42
1 56 10
19 28 58
15 15 48
4 2 42
4 19 49
11 19 2
9 14 46
4 26 51
11 37 31
23 31 17
15 39 27
3 55 49
21 48 26
23 51 11
8 33 38
19 3 35
14 12 38
18 16 56
3 33 8
6 47 49
3 25 6
10 28 44
3 8 20
4 11 34
12 0 50
6 35 15
2 18 12
19 27 39
15 29 32
23 51 22
15 53 23
23 36 11
15 12 48
23 2 27
2 41 43
9 32 28
10 45 10
20 28 41
0 26 45
19 36 36
4 51 13
12 25 34
23 41 26
21 41 16
16 16 5
6 47 45
21 37 32
15 5 16
16 54 54
21 38 2
13 31 17
19 9 27
18 13 12
6 33 38
23 7 52
1 11 16
3 46 41
15 18 19
1 21 39
21 32 18
0 35 56
5 50 43
20 42 19
8 3 40
22 36 40
18 59 34
14 31 15
20 4 52
7 46 14
1 58 15
2 23 21
6 56 14
11 26 52
11 25 36
20 0 10
20 34 47
19 39 8
21 50 31
17 56 18
3 41 35
8 26 28
17 13 31
13 57 35
16 30 17
10 4 43
13 15 31
22 38 9
22 36 0
3 14 25
6 46 32
5 57 41
3 44 40
9 4 13
13 42 26
13 7 10
16 14 3
2 33 28
19 10 59
6 52 47
5 14 27
22 43 45
12 21 8
7 18 44
0 42 21
19 44 17
22 24 23
2 6 41
11 54 42
14 57 34
13 16 20
13 56 55
12 5 25
17 1 44
22 14 33
16 12 58
12 57 31
15 54 46
7 33 9
10 1 11
9 14 1
3 16 51
18 2 44
4 44 29
11 24 18
14 54 12
1 53 1
3 14 43
21 18 52
11 56 35
16 18 3
4 49 12
8 46 1
2 11 33
20 59 19
10 31 43
15 33 14
18 17 5
23 58 45
20 37 34
2 31 25
12 48 54
9 26 45
3 16 22
7 31 17
14 36 55
18 9 48
16 39 3
11 17 1
15 18 59
22 8 13
17 39 59
22 56 57
23 11 56
22 13 15
7 50 28
9 18 11
4 32 24
7 47 30
2 30 14
0 29 20
12 28 32
3 57 40
19 41 15
23 48 21
8 48 47
18 3 27
21 46 2
14 47 26
16 49 0
13 53 47
22 52 38
16 34 40
19 2 6
9 43 37
16 24 30
10 27 40
7 45 42
21 0 20
1 28 51
7 57 6
18 44 9
10 31 12
10 1 15
10 25 7
14 36 39
23 10 42
1 53 39
14 34 35
0 58 27
0 52 23
13 35 49
7 59 38
13 10 16
2 15 50
20 5 46
4 3 46
20 10 54
2 22 27
2 32 23
4 37 55
1 14 23
21 55 26
16 51 12
22 43 54
0 38 24
3 14 10
17 34 49
18 35 29
2 29 30
5 29 47
2 8 20
16 8 28
20 16 38
3 7 29
17 10 18
10 14 11
21 37 37
10 48 5
18 23 21
13 27 51
8 42 43
22 23 10
9 59 48
4 6 4
2 4 2
1 52 57
10 18 18
17 23 24
12 2 3
10 26 28
22 43 19
18 46 9
16 43 26
8 36 6
11 28 20
1 48 7
20 4 31
3 31 24
6 38 4
15 50 45
21 12 45
21 23 29
12 34 34
10 9 42
2 5 9
20 23 25
19 56 10
18 55 34
12 38 51
10 57 55
21 9 58
18 26 28
18 21 5
23 39 35
21 45 56
20 15 57
21 8 53
18 53 33
17 32 23
13 13 1
13 51 1
13 24 38
18 28 2
22 57 19
9 45 26
22 41 9
13 13 14
3 19 21
22 44 8
1 2 3
12 49 49
8 11 47
3 32 24
23 55 24
20 3 31
19 31 34
11 10 42
6 45 10
11 32 43
10 26 59
11 10 29
16 28 14
3 50 43
8 37 15
5 35 9
17 40 54
11 32 6
22 15 10
10 44 19
15 19 2
10 35 43
20 22 13
22 39 25
10 30 22
21 53 28
11 28 5
20 48 46
3 44 8
11 39 47
14 25 34
4 46 50
12 12 42
15 40 45
18 48 20
23 40 25
9 57 38
2 57 28
22 22 46
1 30 50
6 21 14
18 5 23
7 32 42
23 5 38
19 44 52
13 31 8
5 23 41
8 22 40
3 0 20
1 53 59
17 55 35
13 14 24
2 56 42
22 58 12
11 31 44
13 47 39
2 26 42
3 47 14
12 11 43
15 51 36
20 39 42
20 47 23
23 36 30
7 23 31
10 49 38
5 45 12
8 58 22
10 35 23
5 7 42
3 51 4
21 48 25
21 14 36
7 12 22
21 8 45
20 43 36
13 27 24
19 11 4
9 46 43
12 20 11
1 9 9
16 35 23
23 54 18
13 26 55
21 24 54
16 8 59
1 51 58
5 0 15
18 2 23
17 16 9
16 53 21
1 2 29
4 11 34
7 17 45
6 40 49
4 21 37
19 37 26
0 22 8
0 7 18
14 14 35
11 20 7
13 29 4
20 56 4
21 27 10
