37 98
93 71
47 50
29 97
85 49
50 30
89 99
43 91
42 18
18 10
72 55
57 16
11 83
76 75
9 82
69 63
24 60
61 86
83 28
84 38
70 14
11 26
20 51
67 23
41 73
72 89
31 19
41 26
28 32
71 4
73 81
72 54
9 87
26 77
71 27
17 38
4 82
74 1
17 38
76 53
93 96
46 19
1 5
67 2
20 55
2 45
41 88
20 15
70 71
70 58
63 83
78 54
58 94
97 76
51 16
87 77
9 87
13 54
89 5
21 94
99 56
17 11
79 52
18 13
76 1
25 11
44 75
61 52
34 81
6 71
97 17
33 48
45 82
93 47
86 25
64 83
72 73
24 28
90 42
81 26
34 91
78 8
43 13
55 81
63 16
88 23
19 1
72 63
43 16
27 48
55 96
41 97
69 40
77 32
52 10
28 18
85 34
43 58
88 43
98 30
