23 69
32 9
67 43
7 70
96 60
84 27
23 80
30 8
10 51
69 60
79 39
20 59
44 77
86 69
9 56
76 2
57 53
13 69
45 61
17 98
99 36
8 64
12 8
88 4
74 51
87 48
31 45
36 36
53 52
58 53
87 13
85 14
74 69
25 55
18 46
67 91
67 35
70 63
60 20
62 15
59 90
39 76
57 18
12 34
2 88
60 67
12 1
33 24
24 42
93 9
95 26
72 42
21 91
72 58
40 62
67 81
25 63
60 96
75 34
64 65
90 96
7 70
87 68
39 97
83 92
2 9
26 65
100 1
29 83
78 66
12 52
22 26
18 70
4 26
29 18
53 60
94 95
64 77
51 52
80 30
85 93
54 43
54 35
67 16
25 4
61 38
29 47
9 37
26 56
36 67
23 61
42 50
14 88
97 37
22 10
44 79
1 82
17 71
28 56
45 62
