719 10
879 274
267 407
671 463
118 545
278 366
347 826
880 311
403 673
499 832
710 734
257 622
159 600
40 647
557 553
975 416
705 728
597 476
470 757
338 783
826 688
511 904
9 15
342 420
557 323
369 450
577 663
268 522
278 313
614 268
622 691
393 312
111 521
136 213
731 806
544 255
35 234
170 841
816 329
187 284
261 543
30 986
689 93
137 372
953 785
785 67
273 128
39 833
509 999
973 543
455 472
550 161
958 734
890 464
149 868
157 865
118 952
905 29
171 500
963 807
903 142
827 832
768 916
940 149
726 765
845 41
261 255
822 952
582 3
826 751
10 314
50 715
910 306
551 982
559 407
525 516
382 947
539 656
55 203
255 160
855 309
997 47
89 233
80 756
584 829
61 964
276 749
244 239
590 40
300 724
9 41
470 599
877 332
831 515
258 734
249 933
260 568
44 547
932 136
22 353
575 918
610 599
918 412
58 904
15 928
148 880
676 402
422 460
543 870
723 879
70 571
778 348
32 698
411 285
407 462
731 412
190 142
124 1
41 921
746 521
119 96
676 183
712 724
110 219
698 556
932 516
64 419
55 462
904 762
386 513
566 213
757 879
843 685
609 617
46 558
839 914
985 836
383 584
741 490
212 177
348 609
793 828
156 906
785 271
86 367
935 80
60 160
632 911
378 225
529 961
871 266
980 688
927 852
48 579
174 79
283 768
841 700
244 809
571 335
33 380
51 771
585 897
364 513
200 462
939 726
260 683
196 287
769 187
439 460
109 96
852 812
159 936
294 950
136 960
841 587
90 607
607 199
132 616
978 894
986 309
786 275
419 402
579 270
826 836
841 689
990 316
156 525
338 946
806 254
991 629
566 523
91 893
967 965
590 782
984 445
854 221
704 411
305 532
996 815
3 309
372 659
655 599
737 382
276 725
263 410
200 586
458 549
873 806
223 706
927 245
701 916
296 176
618 68
587 265
51 82
586 216
983 359
446 661
13 883
951 794
460 925
37 534
413 393
968 642
54 930
907 956
278 495
939 341
522 96
187 375
408 960
748 625
786 124
300 565
744 642
52 823
906 417
821 394
429 101
666 495
965 9
345 283
569 774
822 846
773 849
824 772
541 372
43 178
340 567
94 254
620 798
614 201
769 894
255 6
639 271
585 475
635 541
60 752
621 280
732 26
9 527
464 675
220 362
71 153
453 99
441 914
105 766
707 235
790 920
834 410
344 537
117 753
358 168
28 485
572 710
573 42
960 110
452 775
66 625
571 318
954 761
203 199
6 717
353 523
778 107
915 208
451 43
301 245
548 237
271 187
952 528
695 293
216 417
987 652
286 173
874 95
295 139
260 902
788 839
822 966
952 287
430 333
454 54
950 810
580 326
899 82
884 328
810 46
500 105
886 219
917 158
40 652
182 306
748 274
983 41
803 936
133 247
22 748
347 663
136 441
241 925
378 979
115 895
799 760
286 140
81 182
130 18
744 851
758 227
758 347
88 628
87 315
131 226
771 651
493 925
669 687
829 396
350 243
234 98
912 872
269 782
426 775
986 289
457 480
194 177
741 5
415 405
134 273
260 105
892 514
990 683
5 164
866 642
161 508
336 290
269 565
690 934
774 557
905 840
241 877
439 810
859 481
766 264
749 727
423 707
906 117
243 993
122 944
525 753
473 769
725 139
326 277
105 35
746 472
528 349
665 808
907 865
704 339
366 893
707 735
775 683
801 769
893 299
803 593
14 334
229 659
433 285
926 546
589 95
644 505
872 452
235 286
485 293
876 145
95 59
423 837
905 455
986 73
494 778
148 3
647 299
686 663
430 419
769 84
256 436
327 367
508 529
348 640
939 938
172 864
364 257
205 722
977 281
926 928
528 55
953 325
460 949
677 567
2 718
509 90
120 788
915 232
458 681
793 735
827 685
480 525
550 910
888 139
579 65
238 676
588 79
582 425
678 986
522 513
927 104
180 571
779 666
713 859
132 303
403 328
200 807
132 440
569 964
571 839
359 631
67 46
912 907
16 641
35 540
657 485
587 448
198 997
471 834
915 957
821 756
893 187
487 24
18 818
459 350
273 42
471 51
227 706
975 979
40 519
121 125
162 752
73 130
363 453
298 523
614 364
426 929
560 490
860 373
208 343
959 443
240 362
798 422
478 296
289 276
869 727
328 269
12 466
410 658
425 938
422 825
561 512
700 348
373 509
142 417
346 633
921 647
52 452
732 420
506 331
45 513
595 886
981 274
718 317
355 16
620 813
423 308
464 4
545 604
160 513
806 383
455 910
141 144
331 467
250 216
337 710
599 832
194 262
581 957
342 939
519 654
401 933
452 784
831 569
734 357
855 737
139 836
354 936
731 864
278 472
285 316
767 50
290 113
821 929
962 20
451 212
188 935
432 579
156 702
845 60
531 814
267 576
808 51
717 749
545 41
796 19
696 323
732 925
504 960
190 763
185 408
700 897
128 490
272 143
408 688
520 2
182 523
317 652
967 69
113 373
458 736
118 209
739 710
404 424
638 352
956 684
24 640
937 934
457 38
942 959
644 501
150 607
73 470
523 395
312 488
22 565
867 46
288 549
372 768
235 98
696 862
148 500
411 724
356 586
174 619
52 738
831 944
91 833
788 904
683 756
254 196
337 759
542 718
23 298
680 299
155 891
685 688
885 173
289 873
713 104
284 41
599 389
728 832
497 716
334 528
265 122
926 508
697 934
96 353
715 95
612 756
454 229
609 280
753 849
172 320
212 614
117 836
234 685
333 325
631 333
154 382
503 26
269 546
221 766
811 693
485 955
868 644
45 695
52 306
154 453
576 704
867 74
838 185
331 292
603 354
485 711
163 299
6 300
987 106
943 874
542 480
613 701
406 252
820 661
618 518
414 688
711 275
907 697
505 317
973 40
26 783
227 196
335 966
278 400
814 335
630 920
999 235
607 696
687 52
143 674
412 825
214 406
749 598
596 359
664 322
886 76
349 208
428 410
398 336
878 651
588 508
824 24
859 444
288 727
997 761
386 443
948 215
197 899
506 757
853 624
235 280
500 656
518 655
374 922
560 224
133 25
379 552
280 173
153 594
69 858
594 858
122 35
539 412
313 94
645 797
224 632
395 989
7 872
57 791
64 230
702 621
989 885
596 96
498 731
874 13
164 234
533 63
329 594
226 5
160 589
34 890
840 36
689 295
333 243
354 75
131 59
838 947
802 816
781 173
405 819
360 147
741 466
782 447
191 823
241 750
177 228
79 975
240 348
232 514
98 18
5 211
626 471
164 898
377 76
986 22
533 933
312 718
346 675
798 985
926 530
1 933
854 285
917 102
435 89
780 742
162 467
978 728
428 258
76 812
63 918
912 24
341 928
995 776
466 504
254 132
296 854
345 226
45 888
519 600
191 355
855 793
626 854
652 152
522 128
290 382
164 838
918 196
732 946
657 371
767 169
567 832
606 290
58 143
943 89
622 209
656 455
433 526
859 947
669 873
581 689
765 439
100 720
970 676
481 955
31 374
276 180
358 193
544 709
315 671
28 712
353 581
738 790
154 775
996 821
552 991
267 233
110 106
727 758
442 73
436 600
455 227
152 361
673 355
794 826
401 380
873 821
30 431
860 469
732 6
477 726
945 101
10 590
440 144
708 513
806 111
484 77
412 895
337 741
69 494
314 55
533 543
470 707
215 264
344 95
846 862
141 570
717 704
678 790
692 86
94 165
103 316
220 247
609 916
156 104
920 844
730 927
515 17
645 390
634 528
935 167
815 837
60 94
688 280
354 594
599 321
585 140
858 174
486 376
494 363
993 505
159 56
391 562
656 212
195 61
157 943
179 286
631 476
116 513
483 416
811 955
638 973
112 326
758 360
905 760
714 66
248 46
863 26
15 377
583 744
298 504
203 799
872 848
728 647
249 579
618 579
942 858
443 467
606 568
157 153
564 403
504 175
940 974
563 182
55 185
890 620
178 865
290 242
636 111
565 77
805 460
170 938
617 236
699 872
812 339
236 584
708 997
387 350
298 217
803 182
150 670
835 991
485 776
366 920
480 351
990 530
508 908
820 185
546 237
614 417
362 283
529 991
397 375
90 47
787 943
545 848
118 950
871 189
24 150
139 200
412 981
322 861
647 411
305 346
29 314
75 378
867 970
478 816
748 767
767 985
877 232
987 276
357 585
536 817
152 457
935 995
834 531
644 920
666 956
75 837
302 976
261 45
295 902
766 211
500 191
463 236
630 772
146 108
994 145
12 786
666 356
336 900
798 974
66 340
421 216
438 312
904 17
961 828
998 520
864 635
184 68
926 266
469 584
335 244
1 114
354 765
649 21
817 263
648 157
619 167
751 675
300 553
141 92
165 280
760 122
113 367
805 275
383 495
698 756
554 706
160 861
832 378
866 339
961 964
51 818
391 365
809 999
252 778
952 271
100 724
83 147
41 72
583 451
363 467
710 885
50 515
126 556
418 861
62 350
308 148
180 266
801 490
158 401
219 110
647 385
758 482
45 178
