2998596
p
8952349
5208562
9215321
p
6253342
8645278
851455
4277287
p
3006937
910080
3763061
8124283
2477827
4554959
p
5833868
6219597
8727000
9056139
p
4709143
1138767
7661674
2786669
701046
2018288
2176521
p
6117716
9007582
9893253
2752405
6521844
6749766
p
8790209
191875
p
5712417
4169637
9139986
9304838
p
p
p
1817283
5337802
168914
p
7692186
p
3585324
6951557
p
8200078
p
7223947
1493861
2720609
4779794
8017094
9763987
9610431
8834983
4492676
5158084
9257863
1146014
8362181
p
1084722
9275456
6099208
p
4521512
7318093
7676330
3859621
p
p
7445732
4673742
2679054
6764792
9670282
9045772
2445236
2761234
p
6578717
p
6656579
p
9533321
7577655
5853163
6937743
6492356
3203419
661513
5706869
5974279
4343059
741981
4012184
4469360
p
7595448
9007099
9458407
4451518
3758503
p
1874303
p
7450416
p
p
8866803
2803834
9118085
4667097
5350012
3174701
1541057
4934460
p
3928599
3809843
9777596
2665329
4724570
1752942
1330853
6182913
308178
9160467
5147478
p
1391539
p
1502295
1543523
p
4126791
3221722
p
5089030
1771914
3986576
6395504
4397922
p
6446312
5422327
7427982
2093494
2440395
6878240
8927685
9915950
4123388
5221906
p
4745995
p
319764
60842
2416736
847937
3979742
8127097
6342765
8581501
7677759
273285
4298257
p
4055355
2892738
1447404
12869
645431
p
7284040
6552218
5136449
1288662
p
3414861
7276600
3236036
7414020
5115948
9527916
9393447
955171
3089873
p
299246
2664673
2098679
6601072
7285860
3736593
p
p
2851109
7151276
7432804
7435947
82381
6303767
7032137
3707175
5894867
6802122
1572278
1315676
3337806
3566148
5691839
4534049
8604765
8850087
8184934
2755864
9553038
5522597
2254346
9839806
1906240
p
8812394
6848486
9893286
7672792
4166752
4626356
2492596
9149666
2663208
5608910
p
3250780
2678649
3061757
2674726
5000005
2730850
7611201
340565
7451513
6546010
1733014
8299669
422850
p
7348246
114001
2361145
5312547
219933
7770813
9275431
3787670
1904388
6163615
1725556
5618089
2698993
3981701
5775297
9637789
p
8022056
9152794
p
6874703
6804282
9386831
3140565
1824206
p
5699951
4988993
6784834
p
p
6139424
3615138
2223211
8992236
5288501
8907750
4777905
6583798
6918568
8124604
p
3903922
2735789
5545165
p
p
p
p
1520975
3760831
3990834
666507
p
8097248
1457124
5351376
p
p
7689049
8953874
p
6408316
p
5075870
6770394
6664409
p
4869921
8715670
9023768
7634288
6494853
5523573
4687625
380172
7116822
5482581
7002943
3812970
4114466
8357063
3033275
9783968
4790838
3552420
1503513
7860492
5618665
4074161
3502385
8624097
342267
p
1670841
p
1862906
8611344
6015535
8053466
6897464
3750797
2491929
2099805
5558771
p
6897829
p
6761493
p
p
9332760
4492482
3866949
9743586
3195753
5904506
p
2117663
9180834
p
7074718
706360
317126
2992527
1274094
3123325
3974218
p
p
8409761
4958736
6944076
3801971
p
5432146
9966406
9209341
9298238
611709
p
1400139
9004887
9437233
3665077
p
5720757
9694381
939504
7012121
9498514
828342
5208283
6396350
4125962
8112917
3833337
9357551
3520142
7982648
p
734233
5640841
7158004
954721
p
7785483
p
8412379
882623
3581653
9082887
6512330
7872309
168752
7998950
1725419
p
3132927
6634064
2309590
3770911
8207453
5675863
9543299
9078656
2518261
5099100
4080104
4615101
4336256
318055
9317655
3827231
1545705
p
8882177
6627383
2123952
4298280
5133835
8731042
1864802
p
2096889
9527881
8707210
6141355
8788394
5472953
1826332
8887420
p
5996780
9462463
3983092
2917576
5772274
1510573
7279538
3489916
5145082
1985921
573953
5031894
1091652
p
p
1182155
3731567
p
2635314
6665596
p
p
2065757
7538123
3812636
3044846
4906513
6980727
6591875
7896174
5260295
8389891
6611775
5940490
3033613
2408761
7309731
2471488
262527
p
1125385
3941919
4482687
p
7069362
5951740
3128183
8972195
483874
5953189
4809055
p
4596703
3376059
5612724
p
4608586
3797718
p
5273416
8112855
7062123
3180792
4749227
7500750
7411936
5803433
9650416
6238259
6065993
212283
3241127
7010180
9939251
2705179
5936260
9120800
9290573
222632
4366775
81803
1317677
1556502
4213120
6164615
5991932
8473885
2497803
5581792
p
3723058
8163078
p
9677566
2931675
p
p
p
7931578
265736
p
5709135
7671893
9698391
9574992
6304702
6329264
5092628
8262310
p
4542062
1010458
1530347
2576911
2308374
4757886
4749612
743680
4056845
5610591
7836669
3476422
5784012
8628426
9110673
p
p
p
p
8679573
2247492
p
6689253
p
7208014
9963127
6370466
p
519681
775684
3605357
3459620
1331497
p
2081193
8812216
7828496
p
4218858
4828747
442424
9886085
3168562
p
26234
p
5695103
5994445
2926006
1439565
8024413
3259017
p
2588937
p
9875056
9565371
6561732
p
p
8696284
p
593695
9646711
p
3339072
9781744
7351599
1459322
p
5039049
3295355
9648287
3434358
1520511
2097979
5549255
9953103
p
4072925
3222853
801679
5512330
9342888
7761073
6499730
1891600
5750193
4112076
448838
1486119
7408004
5734512
8069650
8794250
p
4447703
4732574
1025305
4727584
2658665
1295464
3127556
1853212
p
771800
2677298
3062363
9680948
p
3715341
8734254
3300194
p
p
p
2717921
8826359
p
1298000
2640103
2742923
p
p
5086813
7027199
p
1722149
3098606
8971753
7242838
p
2192880
6613881
4268482
9490623
p
228657
4976851
7991982
8384866
1469161
6671511
2875492
7393668
9808585
5747582
6258900
1996481
p
2350421
3953264
9366763
3668437
7858058
p
6557054
p
254330
9966449
7986456
p
p
p
5812651
9393559
p
4203350
42256
106326
p
4794626
8809519
475182
8993112
1280193
546706
4564319
5341859
3655568
1943365
2945456
p
8933412
7279664
293703
p
1309541
6548362
6669801
p
8634140
p
434602
6130008
3545853
5589410
2211089
5668568
p
3679946
3345168
9035806
5270346
3838488
2863155
9371399
7022955
9619730
76133
9873116
5247479
6311857
1595129
1070446
7986313
4966971
p
135408
3513238
289644
9383859
6204063
p
6337584
8349316
922277
3706710
p
p
6396206
7620616
p
p
7256838
7247226
7577466
2428796
5233634
2186346
7990748
2515561
9847067
3999680
6263762
5566564
5259733
7392760
6156017
9210273
529909
5204662
9019478
2918997
p
8579718
3352712
4512757
6320861
p
p
282537
1400138
6056596
p
7630984
6985619
8628185
4816109
6019413
9634173
p
9904224
4915987
8513384
2585801
p
270447
5849259
8807333
224231
980752
2977998
p
p
8520695
8882935
p
7671338
9939954
p
965542
p
p
p
2425384
p
7294273
2389749
2410901
5267468
5401574
6580342
5241291
p
2189526
8588563
6813181
7782978
7625394
1391888
7864820
421498
7757481
6028153
8543854
7397166
1400368
p
7798972
5025297
p
5240480
9106216
p
p
2027120
5314202
5677319
6795154
4518323
3211188
p
1571189
4400636
5910365
2334198
2294942
1469435
2612768
5045653
1920849
5058436
8638190
1145772
4187124
7233124
9504877
5448366
8021321
p
p
5564149
9264893
5660577
8910252
6413388
6182335
2185429
9254889
1143033
8338143
p
2374438
6825097
8813094
946702
3430960
2620318
6521580
7852364
4831485
9286368
9057354
p
p
3062177
9948300
3740772
2841028
3314632
3672623
4685210
790344
8418266
7199281
348872
2687702
1376453
9359347
6878662
2163571
2760423
7035781
7195508
2641701
p
1931208
6824276
8869350
4491242
5975759
p
908469
7253337
9379472
5807036
1085175
p
9273625
8109410
p
6748661
p
9856490
516983
4978957
5378028
7066713
4743519
5249773
1818383
6296609
9149321
4003281
4955937
4198011
p
7553576
6245233
4654353
3425053
7669914
5697351
p
7222160
250498
7844564
2122555
9263476
8661503
3846050
913812
p
9372017
7672675
6235934
573888
4487344
p
p
9391243
6117153
2907334
p
928636
9151657
4542359
2847226
p
p
p
4353916
3344751
4593134
8809829
6825177
5729924
4750739
8143078
4173133
p
p
995541
344962
7238707
2407141
3316337
4518000
3352570
4959572
p
5586078
5270728
5760867
7161316
9314077
p
8211699
3635442
1017026
9716195
p
533365
5698943
6132697
7006878
4966369
p
825872
4769841
p
3009260
5736426
p
p
3769704
1574559
9569624
2402377
783829
p
6019062
8586018
1951930
5667884
9618247
190251
7877511
4659594
8376587
6495839
3376479
9548010
3179937
4532757
3232951
6343523
4412119
p
p
6267838
1669921
2796128
8370824
5365738
1596554
8195129
p
6370777
8455451
7133236
1858057
p
8881337
p
4258421
p
4911712
117865
3186399
9204555
1841684
1053047
3492324
p
p
p
3911036
6639373
2513889
6953097
p
4000876
6191924
4641351
14345
4415962
9386614
7298884
9954744
4782236
543858
4362991
7897541
4886156
3638400
2412056
3610744
p
3274919
9007759
2749356
4559148
6438608
p
6095783
p
2142180
4245798
8962779
6848925
5996876
3131483
5886302
p
p
7889536
p
9390359
4052436
832154
p
3365367
7038615
7407544
9634038
5440460
2323295
7417726
8298383
8448581
9303941
1910041
286716
8829638
5274776
8390304
6815725
7545145
1970129
9400659
4706110
3898256
8300715
p
p
3781662
3446891
1770959
p
5733438
2381330
5180751
4514911
3740940
4448013
p
4705205
6944096
9347531
3800548
1426321
3667576
2664191
8655145
5768603
p
5149380
9400458
6060126
821252
1738248
5169139
8801211
3097571
9415673
2570215
5086970
p
8342955
6953481
9959563
3025182
9228433
2768878
2511423
7697060
317737
6328443
4896774
p
7236583
4452157
4320401
1494559
p
7132361
8009960
935536
5718582
6826475
1504923
8082448
9429033
8444158
3781841
3599851
9914593
p
7556425
8588730
5615425
6366965
p
4792090
7489689
2378292
4569801
p
8033431
4706662
9637231
8800111
5541213
8778468
180960
3684176
8140136
9085946
6263433
5541688
9314532
p
3760063
7911029
5860479
9531396
6315518
7166234
333931
7221114
1517722
2075473
4822544
8449879
5116052
9900417
7133560
1261020
7742269
3205665
p
5311600
5701125
p
8075216
2856726
4521054
p
9333306
5311551
4522232
612678
2845243
8501397
1566373
p
p
3539321
3690171
6357874
6075831
5064409
9817982
p
7900006
5143825
2683778
1397046
4797034
1526296
6642701
7834177
1644000
9931327
3811665
5914507
2196926
2081864
1191535
5910849
p
1568616
1290427
2531616
8326257
8265323
p
2969734
9450671
5009981
7151330
7782510
2607702
2848393
891997
p
9238608
2313252
9328770
891960
4853770
6955973
4604433
354651
3564212
9120339
8807514
3775193
7554821
2064880
2985645
4756323
9995378
4083126
p
671760
4635726
4705342
3648372
7690933
6679163
2718564
4382108
1902701
8475828
8707254
987396
9928942
p
p
4317160
p
p
921152
5925637
9487289
6446143
8481443
8571048
p
8935708
4764990
8991921
8384099
p
1359742
6424396
473286
3296985
8344725
p
p
p
p
2112358
7750285
9291128
4518526
p
7138742
p
7945629
9532005
p
8982167
6774109
5642025
7934003
5473084
3645265
p
2348591
3785383
3723158
5262523
9800414
5785169
7079474
p
84956
532541
8938074
6280134
2314099
76901
8168366
1401483
3148847
9679284
7858405
6386008
3332976
1725263
p
p
2492321
8734513
5899529
6961615
1225098
3100854
6640680
243863
8163040
7486043
121386
2646609
8595377
7740980
9058126
1792430
6194805
5850629
3184336
3409410
8670644
3943197
9911965
2975940
4256238
8879313
2737439
9497742
p
p
p
2395257
p
4028533
2516048
p
p
2103243
8562795
6040294
3581421
5682138
6052638
8646249
p
6961485
p
7891461
4022617
379868
2940257
p
9655786
1346139
7642730
4577780
4483352
7670822
6589902
6264768
p
p
4342042
903718
p
7242536
7215591
1124907
787748
2854627
p
7234828
5983404
3665357
2835125
9084139
7875541
5671984
8855200
767124
7920812
1997348
442662
p
4319650
p
7484368
6527715
4529369
1081928
p
6915334
2603568
7470396
7350326
6451606
6582568
6317106
5041834
p
1481553
7722333
5133710
p
3317486
p
2263020
2827165
2886704
4407277
3767058
6014678
8900810
8580463
6229903
1574591
6341931
7211646
p
5467265
8913697
8231867
9209235
7259225
5362883
4066906
2188008
1077533
6872131
3911324
1768952
1755053
8121084
p
4477018
3252246
470870
p
5658046
4912714
1390918
9845836
p
336456
4299460
7216133
1225748
1529271
825983
8230581
p
5571956
p
p
5410588
2291326
p
7809263
2819307
4811407
8230008
9946232
2001046
236523
6765041
3855344
7053531
4107736
364848
7053105
6130781
688918
3656260
p
360313
6394550
p
5124069
701526
2968304
7251294
p
4386783
p
1854929
2344195
3160025
1083190
p
3147224
p
7352653
2492691
7921460
3369900
8301116
5490075
p
8240642
25138
6920629
7175488
p
5075461
9690896
p
p
1328197
2737906
5218156
1148585
2746750
p
7526593
6640435
8464379
2204714
p
8702380
120767
3967167
5985694
p
5275553
325533
6686379
5763846
442874
p
9132244
5698923
7119928
7013814
2876337
5311191
1149831
5963724
5592510
3105993
p
2272508
1714556
7209976
5628306
p
p
3046399
p
2827182
p
7081542
6100293
p
1316034
7633924
6062493
4684306
357504
1161330
p
8071572
p
2263539
7174157
6963123
617214
2070588
3627233
7689677
8733629
8310790
3436277
2695221
9111066
p
7829591
487723
p
4519317
5885153
3420373
p
7227699
6575259
7082168
7087333
8529072
8794900
3348775
8401584
6296291
5683889
9253904
6831680
2481127
8095346
6846132
3117831
5478377
9200084
6337147
2822992
8786397
4934972
6822018
p
8312721
196272
5547228
p
2890221
8953654
8091479
p
7116736
1560390
2620513
p
2375917
8984379
7952197
p
p
3153132
6471461
801969
2496298
7980024
p
4500660
7368921
1681483
267740
p
5271306
5375134
4703158
9521058
2254685
9217008
6582543
696803
8167382
7542596
4523450
1621634
1460049
4009938
9605079
2394573
5427039
3578041
7684967
p
3057721
p
9915601
5613879
4473816
6706474
6241887
9339329
7418130
2595517
3391431
8933915
6232170
3174323
9790011
4141519
3530944
8106730
p
p
7885545
p
p
3368431
8154516
1058077
5874241
p
2469295
2071784
7622830
1436563
2771353
8537859
7073519
7504337
3312793
2732644
9123944
5524774
2180628
3537083
3334181
9964760
7930750
8836991
6658578
p
2777554
2510146
1882129
2009876
4280517
3872596
5625311
9178015
4260742
7624215
460668
9643367
1223820
5955553
7330227
5167137
2096938
1740555
2543670
7612699
p
p
1261919
p
p
p
2671475
1359665
6937628
p
829731
3523058
8417775
8387688
4978466
1098876
8078588
9385330
6087494
7810417
8325585
p
6339795
8664842
556907
3303352
3040774
8652412
1245138
7435222
9230629
2606691
7278730
p
p
9156803
5149052
3385394
4027060
2067524
7951529
7980953
7231666
9483430
p
p
p
1885155
92272
456360
8688878
6110742
2937701
p
3409967
p
3236570
9231187
1499478
693734
p
6740254
8624602
p
p
8698828
7550009
8344682
1165133
7860097
7826916
7190139
7275378
3352368
7237921
6508510
7843491
p
4190292
p
387705
6905235
8931663
8872532
2543977
p
5347600
7524499
608169
7415528
8459777
p
6050311
9578061
60676
7460018
517876
7376685
409380
215318
2729686
3636034
9495242
5052670
6527345
18779
9862233
p
6264226
2745954
9084795
6669081
1873921
1805442
8332092
3157831
1867627
3216671
7751214
154472
8571109
p
p
7803167
2511477
77574
2754143
2927654
4192866
7014344
9156268
8685497
6246693
3594007
7527647
3822876
1246313
8649062
9122334
5427370
4033992
9791985
4826146
5966081
p
6201890
4306921
2726318
8420009
9624204
4537768
1625576
1429369
p
5765363
1920164
p
p
4476423
203828
7643003
p
4539595
3344157
p
9079041
4619547
6444925
7012731
1843342
1771681
7172444
3327159
5137187
p
2392868
p
3103325
8724469
7134231
8612755
7511666
1519674
7398526
p
p
9441217
2482871
4365067
3042297
4683626
p
3234929
1585871
7952081
1797118
278744
2424917
1626189
7455718
9253484
7203752
9254844
p
4737732
p
4899181
5685852
2240770
5436639
6303795
6455200
5854688
1983548
4232628
186312
7266565
9065102
3544727
5656960
704573
6645522
6458431
p
8785785
p
p
6244851
p
8684402
3264632
9658036
p
1454427
p
p
6954408
3375777
p
2089013
p
6646461
9799909
3839294
p
8670159
8167215
6326891
3600888
p
6023071
2138188
541429
5995608
1406035
8711665
7449028
7568819
7977675
8610362
p
3520991
7378530
4739885
4115069
7450596
9732795
9622689
3931976
921437
5744590
6097042
9663163
3142720
5374291
2055169
p
3446601
7195566
1346051
9567732
8020819
4276583
2031833
5311593
p
2811748
1815617
6334441
1981143
6962722
6906457
8255663
897802
9499708
2941864
3862112
3868591
3140327
1514582
2981188
4933370
1208283
1675712
1489035
p
2306244
p
3987931
8246668
2634172
9110174
5453466
1178999
p
p
4822734
6675443
5858341
2237369
3008186
p
p
6158056
8040771
1036120
7731879
8976904
4884641
6672694
9003166
8727391
979391
8833631
682132
1126995
8286776
6017420
3870229
3902371
7101913
p
9984806
p
5874156
8738312
7569202
9017086
3596491
9126354
207798
4715586
3987252
6656066
1712626
p
3824968
1813407
p
4440037
3935436
7350489
5013999
6814137
p
p
5701262
9501036
p
6482856
5036776
p
974504
7499986
2757456
7212860
9388304
252768
p
3920758
5926628
5680968
4375938
7088272
6393311
749931
917391
p
4695527
5444736
5714307
4534977
p
p
3224792
p
3440298
7725685
3905074
p
p
6864253
9268426
9279253
7716974
6854509
2553471
3206697
9085704
p
5718926
p
5511722
p
3666090
9395661
p
595843
9209341
3136191
2909201
7940435
8011205
p
5081219
5603690
1227441
9986705
2727301
898796
p
p
7419542
9074617
2386200
p
p
p
2481857
7612643
p
2527246
3234264
6904968
4885801
6047938
2846141
7614170
3081572
p
3993369
4554511
8177689
1352906
7995872
p
9713941
3811429
1578329
p
9786400
6054110
7565842
p
3845445
5866866
2646416
3700568
2335643
3686667
p
1701256
p
1603228
8826685
3310775
p
1731691
p
8576102
6595635
5368963
3566493
p
9643420
3418259
4412806
3889301
1479271
6600743
1016709
2396454
7283963
8440317
9568816
8897202
p
1575834
143412
1680093
p
p
6369147
7478653
10012
3442621
p
4059899
9696573
1550198
p
3288719
8976442
2722870
8917645
1944027
8118631
5466964
p
569694
p
3459339
3942628
p
8012550
9256805
4953135
3671969
p
6440935
9508836
1608004
5571654
p
347695
7090792
5914549
8821766
9016936
p
p
p
p
5819030
p
7617783
3379647
4281607
8923451
7056930
5316467
6773132
p
2749050
5443937
p
530520
9718092
8483428
p
p
1071353
p
3479492
6177370
1125497
2036324
5735125
5632348
p
7843870
5056082
5501136
997397
6906578
5810693
6071846
7846399
9745895
7007618
p
5156725
8300024
6232155
3574530
9731062
947292
8703835
9051432
2485448
p
9964975
4402947
4657410
1689672
5707658
9788818
8550387
6299855
9077611
3180090
2355127
5999707
4100677
1748248
1329383
p
4882947
p
1678666
p
467550
p
3984639
3806063
9508658
7863876
396462
8781023
694684
6071560
397516
7791629
1152852
p
5507339
4194212
p
8185083
5991247
p
3242378
625355
p
3436722
4080964
6242977
749486
6030084
p
8629983
p
9457499
6978712
8499723
8230426
4160473
p
6136675
8446897
720809
3913784
6530442
2832913
p
6007622
p
9559132
8217036
p
7393225
2132756
3992332
4205740
6105524
2462331
5381182
p
3903893
2999828
p
8877257
1057203
9652494
236526
9726247
9704846
5551516
808962
2943062
2666678
7435374
7336223
2051170
6992868
4683081
6063028
2097058
p
9009212
3011134
4758260
4975582
p
9957461
p
133133
p
4044146
4622910
2291123
6270803
1330882
9920430
3779869
4101872
9972584
9246502
2051235
4073582
904732
9755032
6078494
5359508
5228322
p
1632581
9997403
5305221
8643876
4643378
2823127
9144541
8988100
8686256
9724887
4178012
8785500
3031291
6239851
7651367
1299049
2478190
7157577
5237703
8026727
9007793
7449674
3086694
5147255
6236422
3265036
3514087
379532
4284826
3392636
5320091
3268850
2864518
9624715
p
9440625
469167
6800372
6702339
3372117
3749019
p
2032823
5959943
3085574
3407517
8919202
2953587
p
p
4235879
8601095
2922192
6213259
2359655
8590736
5735854
p
62712
5848463
9325578
2667210
581004
6375313
8718557
8399174
2493033
2242125
3725789
7243274
9440742
1593560
913726
5021451
5301230
6407312
693336
p
5981441
6766137
p
4641653
2335100
p
p
9290138
1023124
2405969
5879980
5910285
9930252
1026017
7551453
8742638
7160117
6788949
82696
6292257
3237749
7704137
p
8554651
4845751
p
3069212
6715204
1420484
4465731
1583768
3536665
2058423
p
5001457
6931178
9152539
6202605
9369573
3661202
3564011
510063
4016221
7340281
3300785
9280283
4821047
p
1655407
452124
2466340
2625449
p
890663
8799609
p
7225420
p
6004099
p
27960
378826
3726923
589806
6546466
3090113
4843007
8706278
p
8116804
4932563
7084348
3785495
8694763
p
4534695
2933154
4360539
7362081
7210623
4605093
5350306
9939593
6252130
3216605
6873806
832236
3115631
7161586
p
9478688
6554653
8652260
4847947
p
p
p
2639032
503435
443414
3416284
8030594
598877
6139121
3612264
424393
4181038
8174050
530893
5884171
6413596
6970642
7467432
857926
6601403
6132785
6047687
p
2687248
3551271
3107033
p
344839
7907045
p
p
9360574
896208
1365237
p
2587210
4754182
7491313
5043613
3197902
4572288
2653668
8938879
6308711
1383338
2882805
6479161
3936583
4601575
307831
4713191
8873502
8557605
p
9334863
4351177
2877299
4912542
19553
2213247
1479199
1403901
8670521
3820186
4742348
6494910
p
5141023
2893855
7573573
7482381
3073638
p
6438080
8324274
4988646
p
192901
p
1492208
p
p
3586700
3990717
7364659
1060516
6657498
4561412
70065
173965
1526137
8728663
7772320
p
2473624
2721433
458190
952353
2344138
2830294
8425823
5206957
p
p
8050074
p
3025145
6518586
7407654
3492373
9191499
6953640
2026403
7963839
3492869
7794883
p
p
3038101
1958595
p
2550447
9631652
2786655
1846056
9264854
3516277
130225
5681709
2424453
p
7751432
9577720
3267082
p
7547282
8773495
41920
4448746
3657051
9302199
p
3351896
4290173
211078
807298
5985282
p
918090
4441712
5656860
8805806
5984636
p
p
1488019
4026962
8679998
7155915
417597
5180358
9759443
1491429
9386816
1724531
142569
p
4084369
3139125
5872913
3862441
7291053
5740908
p
638991
6190199
853018
4803422
p
1399432
7427568
4000796
4012334
6911579
p
6242740
8629642
1561425
8420974
8306526
p
p
861541
3399577
4020937
2426989
2632489
8811097
9883667
p
7862780
8268642
1485673
5643839
5924731
p
3101322
8107950
1437497
1180943
210029
4585995
5946583
p
p
9439620
1790678
9381663
138397
p
2132179
4418997
600867
8792613
4970756
468198
1332137
279266
9476163
5286886
4029163
7645058
8448737
2591255
5458054
6560435
7445287
6616519
4618657
6949795
5752372
6868191
p
7279994
6010867
8595852
5799359
7912770
9292615
2994267
p
7274473
6756685
p
5649232
6896833
5526583
2934982
2692371
8145938
7928811
6113920
4216500
p
3698927
5848510
795591
533648
5731221
9422274
4628661
6862166
2730344
2718084
5463396
2289189
p
p
1269006
9280272
8295872
9030407
7506853
p
6640682
p
8345318
497680
5130439
5516193
7876374
1901238
6972551
3855150
4007445
8071062
3637582
3090120
4602405
983777
4092206
2665861
440719
2645052
3303249
4721146
6440494
9561131
3193365
5833118
3459557
2252497
4156119
4482255
13067
453772
7037597
p
p
1044464
7575048
8233300
9885012
5223101
8640163
3370773
p
8890632
6470382
4214580
2906008
9274649
8511177
8241391
4074344
5107362
3174423
2288841
5411568
5702210
1422052
p
2043004
4085514
5855061
9365241
4189985
8686896
3239100
3788255
3998043
8626227
p
4915576
p
7748612
5383209
4537529
2082187
9474989
4861378
826056
5302995
778809
8666179
7533677
5567516
9819009
2504114
9363339
370124
5374290
p
7378755
7924732
1608964
9420356
8408536
p
3739456
4937841
7657753
2789822
5402487
5523459
8641557
5296697
3159008
5470780
2929766
9472493
6418930
4829852
89699
4952634
744249
2808287
4878486
p
3579556
5650229
1472483
5894684
p
6005994
4056069
9477930
1504408
7489746
5941668
7415144
1312227
346497
9939493
5943312
9043255
7700439
p
6947771
5008604
8713664
p
9782160
1043340
77866
8385892
5777613
5482707
37372
3561735
2556573
4681377
151335
p
666788
2469289
p
9314062
6475357
p
7289054
4963929
1109603
3270078
p
9565434
8785945
8979181
4150136
5840009
444723
8521441
1403080
5491093
9201365
4700973
2674317
841922
6597265
5393009
2766448
4500249
p
9173472
2469709
6613944
p
p
3485562
8035388
8077526
7472566
3700265
9904146
p
8801217
p
2016230
190219
9975181
2365021
6672590
7274177
9961273
8748688
6595925
3517371
2688971
p
8209430
4350643
4489074
4091226
4758943
3415088
9061698
p
2788091
p
572596
p
5987555
4855044
5058947
3843980
p
7512776
9690649
4309827
2103984
5544451
4264235
9847560
9298990
4717602
8739156
p
8451331
5336703
5534816
p
2435169
2024935
8862621
5375442
5031423
3180149
3020790
812218
1084348
5990473
4093485
p
8036623
p
9076343
7375928
6632423
3084593
780580
2343470
781658
8984591
5188053
423061
9653207
8724735
6500243
1879613
3113154
p
p
9928697
9427787
1968376
1398006
3495730
1013338
195701
p
122271
5254717
3488511
660093
3713763
6835508
p
1959418
9418824
3220271
618561
3643908
5582260
2242673
530020
p
3484102
114099
875052
5240719
1224053
7730122
p
2178603
6397436
8298599
3970483
1031165
p
1393731
5860865
8343698
5603666
3703398
p
p
986753
1995352
1218109
6553165
p
p
9466164
1061584
3707048
5120017
7772244
p
9155117
3992207
2214101
764
5564194
9251330
p
411487
7872435
9768857
6773879
9544906
7754529
976838
7714850
7368200
745499
9997385
8556739
7399661
p
4420769
5562476
5038431
932914
3013988
2710858
1336035
7948173
2078468
591134
8398427
2950988
7060883
8461077
6895636
3426604
3044306
6663783
p
2393730
1353818
p
9659852
6593747
34712
9677629
3258949
6739173
4190900
7924564
4935588
8782613
7378291
p
2090813
4046725
5910284
7490513
1090948
3702346
8294566
9510844
2948121
2231875
1355796
9177091
6803065
p
p
2894716
788932
988370
1424296
9738110
5467088
9700747
8239016
p
5205682
9586462
9681515
8848308
p
6455759
2303528
4262598
7947673
671797
p
2201924
7198201
p
p
5288791
1753173
8068233
6065221
6656283
2294057
4397672
7676926
p
1431150
8518868
4457930
516601
8547935
5313568
5475398
8082882
1867275
7669091
9558898
6496973
8745671
3131326
3260581
6101386
7349511
2310075
4474619
290015
7035179
5988228
5497036
2525154
6917853
4654616
p
6174183
9786432
2789992
p
9103007
p
2522840
3857542
548202
5054131
p
5377896
5670353
8507773
742613
9075238
1319616
4071873
6299752
4750885
p
1472141
p
p
9151828
p
p
8540576
1747057
5067815
8523079
8043232
9675626
6559429
3815946
9307888
8445526
7965580
659865
1949494
5869401
2662640
p
4896906
7875052
8397304
1930833
1874693
980158
978153
5478372
9733301
1503145
5998116
1981506
5757591
p
1187235
4442979
5782946
6413094
2688198
1059955
7733807
1228146
5857640
3906179
3125694
8231140
2462796
7148313
p
p
9309969
1276568
5881834
9695657
5116686
p
p
8764745
2160973
8049232
5323340
9646311
5022974
1779956
p
7372757
6163124
p
8839431
6704185
p
6520811
6277928
4158753
5161403
5828450
5408952
979988
8941953
9121694
8495997
p
7123944
8937515
7070412
9971798
p
98900
3695931
p
8880840
8026487
1660354
1009270
p
168651
p
1594333
6250344
7400605
9792705
5340548
p
4215483
p
2716372
4004971
2284231
p
p
2155730
6370048
6905367
9135485
9109749
9642193
6193057
1891586
2449700
9271051
1909121
p
8932440
8923672
4585129
3919820
1641886
5428200
8661640
3644529
4703775
1309250
4657594
4336923
7218133
1820524
299778
4211701
8182002
9344422
p
1227341
2914680
7897285
2067076
5901517
p
8698378
715651
1957248
4913163
6053782
2029281
5932591
1780496
9704848
6641882
9297754
3278056
p
6726946
3206368
298910
p
3493340
677967
5832606
6518938
p
622706
6702489
3798402
3661467
7812602
4294441
7156186
4819751
7344763
7576950
2154275
p
2945349
8346245
6012771
9986937
9534859
6195672
5692749
3977985
3158568
4842061
788013
5653111
4656094
413836
6850453
2493121
7114951
9010761
7778064
6548328
4330970
7593476
1686889
9397333
9407222
9446090
2443357
p
1144189
3687572
1971616
3696260
8680882
1725825
5877398
4332374
8638686
p
122350
5652230
289417
1913860
3979286
9248263
9175467
7840216
6885151
4822602
2190200
6586143
3348244
3714478
288986
8727670
7656713
p
2899966
117417
3511474
4403539
2262062
4275519
156757
2080934
p
936408
592749
8463854
p
8498561
6228286
2765831
635234
1050659
3003181
8617376
8581061
2674349
5456608
2784894
9304733
843987
4910248
p
1687579
7247167
7655824
1373716
3700874
1453525
9299791
6556042
4654678
2283440
3775811
4556269
1142112
906477
9159740
2112234
3143616
933337
p
3059754
4549465
9417084
p
7556032
8934656
p
8170448
p
1748422
7530301
6726599
1116486
p
8620208
8106198
8694149
4945084
1325616
p
7637254
7416668
3437726
7399514
p
2797123
6006941
2403856
p
3260944
272564
9653378
5229776
7604764
289347
9238405
p
p
5520079
5044574
9062502
2745056
9010761
9198997
p
3282681
p
9954314
5597850
9404069
p
5097322
9913051
7994962
p
8348954
p
2548242
1122590
219768
3953021
5638509
3569018
p
7783465
5173631
6760769
1488929
2841681
3404395
9553898
p
2907128
p
6940894
8960099
7538272
p
852838
9509091
545096
4380594
6248186
9885380
p
5895391
8807948
3845036
8225291
5582704
8602456
8652763
p
4514416
2824190
2018064
495906
1761920
3090935
3653244
6397986
7412100
8149379
4942739
8210214
2880770
p
7619679
7370619
4627682
1407701
5906630
6084058
8163970
p
6836277
1903584
1660122
5331236
3396671
9569367
p
938227
2513743
7665833
2201761
9197596
7451332
2943943
3761292
1576306
p
6386194
8257151
3805735
7289906
7445986
3872644
1100702
5667175
9077412
p
5914987
p
8976751
5540881
p
p
290433
p
5015848
p
4002865
7940648
3170983
p
5100962
3271745
p
2535085
5073250
p
p
7924597
3384856
6576598
p
9986972
5214992
1693653
5354250
5770731
627508
9556017
p
9428370
6713413
4325697
491205
p
9538961
9443768
9022334
42411
2644628
4757685
5250903
p
121536
7960670
5013149
2742598
7147905
7905636
8468768
2063474
390801
4682099
3287501
2244031
5643298
3713751
3347022
p
p
7339135
5711418
5870537
5996164
3294592
7107717
p
7472392
5920339
701781
7632625
2973457
8285757
7903162
p
p
3497248
606203
3342796
p
2856774
2377128
7700768
5460241
9070685
4417297
897655
2632092
8732002
5021736
4055377
4976419
96956
7881912
82107
7088456
6498966
9279036
235501
6420316
3201603
285305
8885126
7212627
5652637
1579963
4391671
6649816
1861848
7428697
7966487
2561469
p
p
8844453
1613634
1409920
1125097
9379340
p
1521503
3905775
9051240
1619035
1341939
5198277
6625413
821793
p
1968684
9045061
6798169
2322941
7121528
7037472
7865825
2537580
505608
6895215
7617438
3627874
1803128
9188357
6409954
9233675
p
8757658
7828599
7871393
1611279
p
7323235
2668606
5775363
8489505
3805460
1548714
4124247
7578502
6847952
3376336
p
8758482
3494335
2790922
8060426
p
1512936
89236
7060266
4102799
2236669
1038913
2789028
3520368
5744844
8278999
7595401
7736513
184282
p
3212511
238818
1321015
5434168
7471684
8233300
5545828
p
4456895
3976742
7944584
4225029
431230
9126136
619028
7172548
p
p
9364345
8369185
426668
619584
7949521
7301676
p
4108708
7139514
5219155
6775873
1857992
5674107
8811212
3417452
712880
2145406
p
291008
7725207
4283811
8253003
748700
3803204
p
p
3184577
6213388
3511792
4347636
201047
2657538
663641
8394982
3332148
5247638
9363592
4375847
6387791
4949073
5645710
3940944
7754853
6598988
756152
6956698
7774449
9611009
8970626
8258281
p
8849815
4951572
9617503
2603923
9582816
4031125
p
1464627
p
6904228
3229765
6858580
4564953
p
p
3197088
6100807
5198077
3270282
3310468
9472999
6799635
7887737
9267017
9388112
647933
6984403
9262310
3801911
4972384
p
p
32381
p
5380082
p
7555289
5549030
p
9529390
7666080
7898496
p
p
8626511
3593055
1386770
7823193
7409717
2805016
8802448
396685
907701
2363003
9974791
5956569
p
p
847524
6447862
2877914
8324312
1123506
8104816
5364490
449107
7292914
1262245
5338359
p
p
3469641
8648984
p
p
8216846
5142057
p
6981030
2858711
p
3482850
4576030
p
p
4153681
1648815
7427575
6903332
8750927
6194048
9198726
8911376
758598
p
5158779
8725190
2405848
7183220
2025932
29105
9047458
7531756
8518179
5494330
p
4656848
7931507
p
745702
9085684
2736043
3503722
6652925
8320311
9274898
3862562
2905316
1425652
5050171
1540156
5357759
1400932
8393013
3054695
9041086
p
1978859
2907269
p
p
p
p
p
3004181
7551770
5408919
7242384
3168560
6765724
7572882
4651052
4952146
8248115
2534932
9991204
4823345
794817
6424507
893253
9404935
3947089
8402575
1090295
7761706
3649972
4286633
9494614
8089850
7427873
9657855
3089199
4868328
p
2265942
2015280
7794616
9507348
4270403
19501
3606586
3402881
816575
9551042
p
9446195
7741787
364399
4711931
5607275
4239253
4751736
747908
8504554
2644968
4493765
5911432
4028279
3076786
8672326
4644292
1589978
6207963
7097285
p
5867583
p
333529
1435195
3669997
1780014
4740943
901860
1687596
p
9504238
2015197
4325456
7177164
7425735
5442709
1854680
9517646
6420385
3670056
p
p
8391
2993616
p
p
6483664
8060117
9789200
7249002
4614496
p
1220602
p
6181197
5703911
5782347
9519960
1430386
5049137
8607488
6339977
6566395
6174341
1838364
9653415
3002268
8332432
p
p
8296557
5137983
8513350
7510972
8851943
3710319
829408
7086854
3723468
9812864
5131477
1041655
p
3072605
9803065
503093
1060848
949054
3004960
p
4418068
1290670
1251066
p
2165467
692291
6143259
2713664
5846284
p
8287373
9564661
5647816
2084645
4668649
3866727
5300199
7896671
6016166
6583054
5523101
724834
7552306
9692148
2554862
7724365
8932571
3236782
2733653
p
p
7050032
6646935
p
5745656
372683
8048632
5803849
757817
5250014
p
640326
p
7130958
6953419
8816379
2124158
5815990
8671964
3884192
2952430
5466098
p
9654772
p
4994576
9339767
6910122
3141195
8430098
8994395
1840804
3194174
p
758051
1785706
9423817
9625540
4208253
4232792
8564515
5596943
2073522
2055860
5086595
722973
7972664
p
4413380
8599654
344400
4282592
1944380
1760214
1225336
p
9248094
1563541
8257326
6861730
7297151
8013170
1729816
931678
p
p
6286
7984038
6797509
4530127
8869667
5598017
9781824
5179298
5257135
1374902
9660811
862810
7901006
3368118
1941487
8862310
3433414
8011290
p
1260186
6910606
6814145
8041992
2347416
5405326
1539870
7400028
p
6548368
1993429
3285372
3821826
6896403
p
4378581
5033465
2833240
6924983
5224153
4340288
74993
8617340
1622625
5228891
1534424
9303910
p
3956458
128662
p
3104931
8558251
1135881
7629696
4095180
4770406
4727434
1888507
3233210
2479214
p
2149666
1273856
726398
3072673
7718907
9318791
8406517
p
731173
8524544
2917119
20378
9370789
8193820
4665414
9296448
5991536
2297933
p
8303967
8474001
8699185
4074961
8328396
8195060
6064032
7659093
2054182
2394841
4397948
3279225
258293
1538561
1778424
2376608
5805988
5353229
1194157
p
3429814
148381
4864518
4205212
4173589
3408502
p
6454517
5328305
215861
2614253
6748253
8599462
4774159
5293262
457090
5452140
5700302
9524214
6141439
3617133
2906830
2998821
5094537
7041661
p
810658
3416939
6178149
p
6902160
3667797
9033849
5671395
1967496
6040730
2348032
p
p
4504190
8838757
2799962
p
1652395
5635497
1118208
p
9838449
p
6569445
p
p
5710032
p
p
9917539
1397105
9016124
7289004
2699658
8459792
2118704
3489123
482925
6642752
8071906
p
5525503
5681652
2262828
p
7661655
3543855
797044
4349950
5059780
p
9238656
p
7353693
p
3848808
9968205
8538925
5993292
5161820
363489
1416133
9136766
1544074
5474175
1308570
4968027
8567634
p
8050491
9085123
9417991
3071831
5146296
2028256
8802397
8563552
4962742
9629438
p
2541450
3677240
90333
p
8967991
2354688
p
367842
p
687484
551857
3150853
4745391
8195122
7529011
8252356
6801453
8922526
8324074
p
4463833
2573143
3790625
p
p
5906991
1539544
1703805
8541595
822458
6056317
p
3216559
4099517
p
6760727
3758594
p
5274157
8590087
1500130
6002588
7569518
3946525
8093772
2189469
p
2592292
3070443
p
p
p
9891365
4627402
5739089
5051776
5807744
p
8591659
8032775
922529
p
7487567
p
6462041
p
6625591
631481
506571
6319553
292154
6095210
152259
2618604
6209467
4405341
5154189
5831424
667303
p
p
2860276
6494245
353155
p
9972562
2104964
p
281390
5542942
p
1375819
3780789
1600051
2118059
4709823
p
p
7917865
4672760
5810546
2385481
8818525
4742224
2806295
6720977
559198
7326240
3192687
2200512
8729648
9941381
2965716
1455787
p
1689601
5773215
8293282
10758
5228974
9904284
p
7631309
p
p
2077664
1030833
6950282
p
p
5229941
67797
4238303
6823109
5760990
4017353
p
1396480
9664463
p
p
p
6189292
6341474
7900533
8082413
p
8999340
p
8515215
6715608
p
2584802
7909144
8739462
4151879
6536340
1966372
761362
1070351
6846794
4859513
2861776
7614586
p
4561343
9530263
1024282
7049515
9851844
2763561
321006
p
556348
1244499
6816436
27504
6133896
4781708
8359130
4011362
9900651
5328071
5822910
p
4138374
1386661
p
p
5318976
6752139
p
624303
4549557
6040546
2456040
2862960
8142456
2171595
2893069
1702816
7484894
6953307
3769967
2270184
1002092
6113615
p
4589877
6954486
6864159
9203300
2221065
8458845
3830460
1749422
p
6414025
p
3178823
7145496
9462064
p
2549835
6173784
5847435
5829970
7939813
6339232
6143234
p
8822846
6923109
p
6758277
9724350
6477246
5459828
236878
5877794
p
7661322
3277708
5220074
p
p
p
9005659
1936004
787328
3589836
3841839
p
5504354
3398312
353085
9059051
3405069
8510134
7130179
3215803
1514675
1431844
2326560
7893667
7437796
p
8827907
7906206
9217286
1791206
3708466
p
7388603
p
609767
p
5406642
p
5455651
8628999
160355
6106392
1886126
p
9509485
1915367
8664547
110733
p
p
5887418
8677330
3006727
8635425
p
7362856
p
p
8009392
6571693
9569609
4257067
4779776
4012262
675352
1274560
p
9940357
8218727
4480267
801941
7938816
3481809
p
9608576
p
7861871
4494925
536620
4373350
p
7277198
1015637
3042842
3677287
6781805
1656630
8310464
9667296
4017471
3819606
9850251
3264411
5517806
p
p
4586559
125011
4613214
4065671
4341165
991579
3934706
3297595
6622210
8519301
6688413
p
p
4871450
9275701
7458435
2723318
3479800
8139092
5558694
7108934
7133928
5717781
8603180
8819774
994270
1882872
3832703
6591176
6710762
p
8930864
94324
p
7059038
1619416
170260
898298
5312945
8713090
p
138748
4237586
5965233
9697444
p
8224371
2939079
9749150
6005460
5680961
6080108
8241492
1485048
8553962
959291
9787391
3164732
6758847
252420
5939724
1621045
9840498
7769711
2071986
p
5590520
9745371
8101100
9354393
7796715
1682114
8653004
5531524
6220825
4286680
5321233
2245861
3953877
1812709
2078929
9868813
3179605
8932034
1929547
7365498
1855488
1066495
2362072
9607385
3335704
7824887
p
4523923
5092867
1914489
6431931
p
5165312
3401007
7586787
515988
4470760
4166400
6092346
6174117
6562759
1246365
p
1140609
6405738
3494756
8600789
6195587
4653280
7221389
p
3563530
760801
1493700
5334105
288959
1890608
1319248
727486
7792075
1071833
6067054
p
7810484
582740
2555900
p
9770850
3243199
9618278
p
p
5214216
9717783
825499
7040155
6023283
7177105
8078676
2479935
7748662
3748668
p
9230867
8995397
9761731
1832973
p
9786068
1350565
6915679
2211945
7388043
9378058
2080518
p
9735715
1952676
436202
9298454
7863121
2315080
179354
6114558
9487843
3774237
8798212
6144064
3142495
4555964
p
6024388
1962006
4288595
8787390
p
1094630
p
4195333
4440721
3126732
4722101
5033172
p
9172187
1665735
4149103
1308999
3206929
7478310
2149292
6606588
p
7367408
4058617
5442995
7384350
1452512
5635412
4784719
6267773
4826897
9886502
9375720
2475268
9090178
9670006
8380291
5626780
183778
4021633
2172487
4307907
8142970
4716481
p
5714377
p
36486
9505052
p
8328045
2092111
393958
7289184
830517
7078394
2538134
8903614
5803597
5690265
3510608
9340354
1117082
p
9262948
5189044
9569957
8444840
3260547
6639939
1000760
2779798
p
8548856
7103777
p
1127836
118552
2417256
8058772
2386830
8166176
4040251
7138113
8024286
865955
4531241
1891223
p
2682431
7431854
p
1506012
5361341
6931659
2327267
8852585
886913
7485913
p
880569
9682656
6680103
2015617
2011995
3629290
4682160
4586949
p
9132982
5214214
1937627
824632
2626458
7974917
4754752
6587754
875331
7762752
1208965
7299517
3582526
111362
9207719
5275671
p
p
9562715
3192935
9433219
2248906
5354737
621774
26604
5294999
545513
1407023
3848804
7414698
1347058
3742461
9411910
3791479
p
p
5488853
p
p
p
9177715
p
p
3046187
p
2769109
7048546
6917040
9991676
9996704
1124563
1396066
8727262
5704596
4808584
2150765
628481
9436338
7983837
716470
p
p
8407061
8635556
5569236
2047699
588251
9370275
3302271
4544938
266367
1873465
3523984
98678
p
9060546
6356224
6017219
7301276
p
4924831
231095
1102482
7587355
4717476
5847184
2718523
150722
6069863
80289
2997305
5178092
840874
3406537
p
7209286
p
2948357
9767976
4886209
7107089
3614197
8343131
8323181
4441591
p
7534535
4763627
6658101
4198282
4371384
p
4005434
7290121
7422518
9605791
9096387
341544
2405647
9886287
5960501
6307080
6387173
2955814
6453959
7358017
5469584
p
p
233853
7823337
9055206
6344749
9751224
4353333
p
9638672
835203
5060676
5254600
1091825
8480546
6888199
3058347
9269720
p
9947436
p
9946976
3182391
1019624
1362584
2657141
p
7804897
p
p
p
5788001
1968350
6829648
6657474
7756666
9755629
1406458
8485688
6265060
8760382
3495810
99110
1009696
678079
6451193
p
8184002
9345669
5083440
6503754
1380296
6977440
7295985
9514550
739553
5118454
3390448
5788598
1424398
6438094
2235513
3341061
4270728
6387538
8741411
82190
3942389
9955722
6893368
1525067
7048118
3146638
p
2148256
5426530
216362
4170183
2418509
p
5769255
6344133
9864801
9986390
5910591
1061502
491068
2270649
6312880
4529732
2918357
1871668
1475712
1212926
2302365
6217412
7503621
p
6190800
p
7507210
8462473
2299250
5370234
8207141
4066570
4959817
8897905
7449956
p
2893422
8317634
2043380
1226147
9218336
p
2132056
5271173
1988210
2692521
8293419
3174048
1783055
p
4668553
7803287
3260482
p
6509177
p
7407949
1765703
5918466
3933250
6742187
2496270
8202262
3689197
p
p
9525701
4134381
p
6635818
3987588
7647489
p
5474992
7177299
8742314
8094407
8221281
4710026
1899427
837760
565396
2494233
655187
724684
p
p
6439984
9927886
8155554
7777318
4171444
8853254
464068
4493580
5179019
6417701
1267974
4503408
8862563
6064760
6965071
2282014
5520612
p
7838844
4644035
8558460
6242176
8115756
1560199
1246371
p
9482568
5277533
p
p
p
6998607
p
1688366
5404503
5662727
1430407
7589756
6080908
9069922
p
9584398
5431094
9130743
9812584
7861703
4149514
5822617
9500613
5210916
p
p
5131437
9155534
p
1748038
8083870
9116370
4697644
9421059
968728
5525440
6511345
7676686
3015355
828604
927789
3993841
p
171487
1825515
6904312
p
9393775
4413579
3698575
9533553
p
2257711
p
p
6268642
p
7292911
3324484
258751
6711198
7971127
7866461
5075800
5214783
p
5459628
5180930
5339077
1616183
5457383
3538274
6683190
602397
3025448
6699677
3014097
p
p
9664240
3143537
6109921
9765818
5427461
7004500
8219409
8827887
p
8545081
8760516
8545502
7697453
5404482
1728528
p
963999
p
9876923
9653957
1237849
2802066
5674961
4020585
8220943
p
7600337
2849174
1498881
5381599
1582737
2858266
1718171
7747799
2573209
1888109
3386272
6690879
p
p
1763617
8470037
840886
404605
8893044
5893219
8040835
8241466
3236169
2354571
7374803
8906846
5933103
4312659
8275426
p
6590792
p
p
5636053
7018264
p
p
1767282
7536376
p
6256191
8023546
8853468
3969965
3180898
p
6740413
2779170
9103206
9526454
p
7931402
7542927
p
7416340
4559327
4403333
p
p
456077
7441871
p
8188552
9683712
5728828
p
9350164
p
3998948
4156656
9521880
857867
p
9453820
p
117544
370341
9587884
4379818
7738018
3763015
66519
1262197
6332791
5913554
7287517
3585665
1094725
3047227
1340805
7614552
8874880
2805596
6172517
970497
1015356
4154285
1831179
4143114
2277128
8989875
p
6577539
3680305
1745448
p
10830
8885246
2530486
p
3607746
6039106
4200284
8981668
5691301
5289451
8722223
5122444
2098950
9835446
1419229
9865873
9631274
p
7925867
8629141
2456816
7068683
3621576
2255650
p
86400
875357
2947322
2251408
3682518
4362619
8489185
9505152
p
2058950
8100351
5344219
1587474
8589325
9824151
2582040
p
6607746
3024501
8594435
1994038
8753264
8760570
8960604
8069171
4469640
8087173
p
9585457
4862644
9851143
3503480
9231508
220473
8103251
3606962
p
416539
3307876
9138743
8524771
7993116
8551309
5563074
3961993
9884116
p
p
8004335
2119917
8963316
6888881
2950107
7649632
8547798
8278909
p
5810205
p
64341
8200356
9843859
2533148
4513565
p
p
8052461
9267423
p
2830422
7156587
5232264
2365486
8593183
87742
7417333
p
3443111
p
2716479
132987
6611735
p
8398315
2448258
8290317
743168
p
4655338
8053239
4055393
5493677
9876469
1489838
3871331
p
7151888
p
7647188
1480538
3571257
3380133
221720
p
9366613
2888920
8439353
p
6797456
1373349
5941532
6667636
p
7651378
7851049
4408387
1867958
8029805
7042483
6660855
4024474
2351932
3704578
p
8236613
7151326
p
8284622
9061144
1931710
p
3499508
p
4161229
361663
702769
1819379
4901000
7827788
p
6258150
6308234
9532640
7003193
6731469
p
7268320
8887814
4391306
6569700
748889
3930640
7911043
9902978
1784675
4699790
3958235
9152747
4359492
6656458
4955083
8106473
9139637
5808930
p
p
p
3539460
2664806
4106188
1885345
1971733
p
704563
6411823
8108906
8291211
4695486
7596058
p
4348763
p
5890700
2936785
9544573
2341751
7110001
p
p
2055589
7260290
9345340
2922486
250053
926722
8129048
6029267
9983188
4566410
3860457
9033530
3382273
p
6802500
827621
6743108
5835832
9862186
2267308
548137
3946620
2652694
5516830
9789609
p
p
p
8772541
966213
p
p
p
p
5111997
3053546
p
p
9578422
5765050
p
2257846
5766257
2099220
2597320
9067040
8933980
8224444
4654768
9986329
7570965
6534549
7733641
p
7155463
5308108
3377724
1301234
5716304
2127472
5967410
4696416
8696492
3599230
3612715
p
8517132
4643131
6548848
4453122
3485117
9978115
1699414
5818978
2137970
5633407
p
2117243
9891755
6169453
8775729
9734947
6714302
7787077
4259260
p
1935286
3522568
2979760
9549274
9684810
8077505
5894283
7190058
3026643
1227315
291991
p
1050622
1986935
8811055
6636305
4486345
9826765
p
p
5177193
1472370
3737099
3614859
8736606
100757
4787513
492330
9263786
121238
8777452
2649245
p
9955025
4696553
741629
7501099
1695695
1648621
8431005
9215442
3449464
9396331
7269178
9524879
9506515
1832878
2024919
5460213
2828531
p
6621397
6630979
9089014
p
1485962
7796368
2005511
6755711
1027028
1359313
4909722
6756962
3421039
7304302
3259529
4465941
8421459
3680525
4897664
842479
28917
4184925
8058739
7433569
p
8031659
8870305
7378628
8677928
9784468
9255456
8948556
1998366
1017642
6671467
p
1366256
322513
p
p
9437844
3017894
8548854
p
p
8382739
p
5961274
1642812
2502827
p
3088689
p
3933225
8044950
5496100
6019060
5396028
6798109
7429432
3590045
6053172
2674456
p
8794653
5736818
1425486
2336260
9468756
1037752
p
p
9158853
6079624
9213328
9919177
3822662
p
7035667
7092270
p
5193410
7253895
896075
9666341
5377872
4148548
1428902
7060091
9508871
9297485
p
8984462
5490631
7630831
2510205
2136560
7913175
6157858
1905528
332795
p
2323826
p
9013495
3716089
3268113
8584002
6569969
4315063
3422730
8001540
7308263
p
432771
318262
p
1809429
p
9723723
9509366
p
8954342
8329712
7858582
p
6526634
5755342
6893260
7166348
4101608
4059773
p
p
5689466
2833179
710026
7708105
7660339
9095795
6084983
p
687144
p
3108379
8219968
8846348
5075075
p
p
4464615
9112851
403122
3662110
2953756
7769553
3963782
p
5408559
3254350
3184368
5025765
1210173
3354491
9677456
8311246
p
7768823
2054451
5736838
p
7572431
4144879
1730105
4763726
1053888
863379
9530794
1090858
885067
5604814
455883
p
5943154
1903980
1255089
7595009
7679580
1589493
2059644
p
p
5558819
635322
3819432
4662744
1197347
1481208
5667595
7373812
226729
p
7909280
p
p
519695
861039
5933756
5145401
p
1765240
4142954
2359578
6092256
5050994
6815636
9138792
7383261
6788553
3797294
243863
2308247
7585925
8234589
8000628
p
1763678
9377905
p
6181824
138145
6414052
p
6452935
7679322
p
p
458463
p
p
621793
399967
4844056
789867
p
8481089
1753742
8196863
9545230
7308311
301726
1145699
p
6104563
6529279
p
p
8691010
3138905
8817239
4699775
8668280
5313582
2645674
5672809
6247738
2208904
p
423873
3923759
2331797
4483563
7864008
7746632
2281402
887999
9088623
4505834
797843
2165744
862457
1732537
7013983
1013482
6784174
4781303
4847819
6255352
5465173
p
4110642
4577942
7153018
9723161
1221238
9010653
2297585
p
7140175
6954721
743433
p
p
7041701
p
56228
1243412
7577767
6627664
4550543
8325911
6833720
4302569
7241679
4421641
2194226
580309
3188524
6737818
p
9304545
7724980
3768229
1551172
3627151
2438493
6010983
6593261
2931853
6902966
2029990
3624913
668526
8080377
3669055
4882986
2306581
p
9599373
2926974
p
8082740
9898254
4298761
1838943
7534702
5937120
4259561
1079531
2184529
5041198
4918783
6851775
9925182
p
9198716
5472213
p
2702110
p
p
9395469
3309281
5202723
8405857
556018
5820603
8645701
52888
8024843
2865997
p
8123502
6157628
2446574
8571433
6573434
3190411
9096365
6963670
p
4805345
7656232
5753747
3421033
2231108
4541964
507846
9863959
1736651
451797
3028894
7231232
8489096
6634358
p
3266145
p
1707963
4161700
2231909
5650869
p
6329582
p
5217253
5328668
9738783
848748
6109936
8070985
p
p
730316
9364353
858476
2871905
626508
4861919
6076994
1209726
3037021
5895461
8430397
4239013
1137428
1868122
402783
p
6088667
5739584
6517222
6543394
3352539
4214917
p
9320519
2807722
728969
6923566
4627355
5288972
3934909
4693785
9688334
p
851258
p
6952349
8322591
8564159
5930291
3079116
p
5112075
4240410
5555765
338611
4165814
3101671
4830851
7811935
9076199
p
1235521
9385732
7613347
1239959
1873065
5988900
2582713
627241
6853084
2686833
3974114
263870
441981
9970228
3886729
7348417
3763454
5830215
6017738
3713023
6015751
9238681
9904463
9512470
9915413
3857122
p
4265792
1778671
3947351
p
884689
p
3993290
2462904
9364809
3651704
6610767
5822403
5774141
p
5586551
5010260
8573604
2163961
3181691
3047617
507973
5975224
2252537
7353919
6573487
6519694
2513446
p
964647
4307301
2698688
9934723
4614635
7982203
4808223
1425265
7790221
2689152
2911716
8260800
2315110
9311264
4437413
5700396
8660249
632326
91242
4631804
p
4277435
9582840
1820482
8036451
7273814
167888
5478368
5518374
p
7262179
7625287
8530865
1563696
6245342
4158337
7735331
7168541
9825374
9345434
6516408
9953438
8132556
6761623
5793781
9697406
6131162
7389761
4095234
6709053
7435175
p
9666170
1389767
3436978
p
6973301
5772438
1617507
8510743
p
69429
4041203
p
7491077
3751995
4427153
8610806
p
1105712
1585050
2796910
6634009
4842805
5946469
5010570
7617760
p
6977615
5419290
5442426
7169724
6853496
2078627
5539706
p
3492097
p
6899486
p
6421096
6149572
406031
p
p
4074169
3655065
843745
7587372
p
1857655
4664054
3584667
5777818
788835
5730169
p
5946837
9026748
2415662
8406420
5985023
p
8100340
5155222
6028552
1600688
7886696
6762779
p
7904119
5499055
4221415
3008108
1010402
8807967
4812833
9392723
3241320
p
4757911
9331224
893441
p
3613142
2899334
8920420
7045037
3804851
3028522
7696578
7838921
692560
3603804
2280543
7348288
3675854
689932
2770563
2710337
p
3260178
2740557
1039206
8688567
2210351
3303638
4060930
6110324
2574247
8714030
4441766
p
2060160
6118441
783151
9431094
p
3175462
p
2627463
p
p
1569198
p
2114324
9157917
9553123
p
7117315
p
5428246
p
3101778
1037330
p
9500636
9484363
3484657
8272175
7555159
1488033
9650451
7611949
9876673
1208364
6095668
4103846
p
4884941
7611884
8689108
1066530
8536794
8079201
5446918
3403647
5560969
6456370
3947255
6143568
8630860
1914387
p
575448
3404697
516906
4013050
7791126
4817283
1994001
6816634
1006773
7040679
6349245
5516395
p
1164570
892273
p
6625277
7699848
p
3866128
9918987
6804344
4481699
5611799
6797393
p
5103144
4920357
6795713
5234898
4716359
8633792
336729
8870330
6519515
3509706
7445978
31929
7039238
9099249
7865725
8161703
p
1190423
p
5860230
7532404
9085260
5112582
5982749
p
9154419
p
p
5923457
9670144
221664
503286
5749377
5003999
p
4403442
3691301
922307
7538573
30089
527070
p
1402885
p
6448522
5816288
4039541
p
1123435
888586
2311691
5407141
4921963
4884899
7127475
4689377
p
p
8333884
6819849
8677314
1640299
p
8447758
3368254
7648645
2350383
1561831
7565078
8687620
6911601
p
4680090
4158117
3695877
3394467
6009088
6072584
3307796
227841
6913406
8679320
8731594
5547571
p
6408025
8793333
3856151
2473625
1728840
753573
4905846
1885357
1251670
630609
9799841
3838914
5347203
7797101
p
8445313
139494
7363894
9072340
5673223
5713045
2365604
9584765
752116
8087313
2570015
3976881
5199608
8330318
300971
3841190
2210584
282818
8429357
9200808
6759986
3546747
4298281
670332
1529708
3697021
p
7919860
3421710
2556653
8730575
8107516
3593181
p
9487231
4647948
4786062
327168
3953290
2050475
8028494
2906179
p
8954609
2907220
8317286
9117138
9305773
1686524
6736391
3654562
1913394
4161524
7212842
p
8034691
7633722
8049361
6372107
4270928
1060923
85616
2546451
4482733
5870459
3198434
5293805
1826437
1806769
9290430
4026116
4396898
p
1257061
3832982
7563747
6975996
7747859
3478741
p
8798030
614231
p
1032081
889212
6454667
p
1355299
6556164
p
482053
5121330
p
1421574
p
4732189
116837
4475671
2542140
8242115
4262450
2077063
6169246
8574676
8136953
3715804
470391
1947676
8354098
8456075
9181044
4934477
2389157
p
3432964
5935420
1174123
5979217
8319839
5138031
1866184
3211536
p
5986431
p
3272236
5024083
766766
p
7260526
8417363
p
4229249
4079567
2536409
5756480
1608835
p
9904342
2547313
5967849
9420711
2159717
7342107
9747697
p
1307901
694079
7432839
2462147
4519044
4775167
768723
5139929
1851143
2441801
1554507
p
1298765
8989692
7722032
7373778
8731858
4249608
8051858
4286127
4844055
2789953
297501
1037239
6542271
5992168
7374611
2861344
626983
7373676
4749053
5925575
7513851
4823923
2173073
8159935
7774735
5368415
9670717
6790696
7254867
p
906915
4784870
4207906
8725862
835805
8202682
2680674
4853903
6343924
6897060
5090391
3059104
3089398
1865809
1085390
1353410
5169432
1233179
8217242
2207305
p
3109697
p
1805886
9210628
8479072
3275809
7157688
5184438
3480079
6013574
p
1084757
7194772
7422597
p
732577
2837071
9725620
p
2118753
7614316
867654
4116937
3154530
7097024
8347179
5973813
2171917
2104205
2276430
2609873
8293991
3460303
9176973
1178648
357023
2906393
281327
4624331
4964911
p
4888320
8877729
9168148
5337674
1376156
p
5305599
7879959
14693
4927744
5695141
7684524
6170805
p
5605477
3742355
5057993
7754072
4220766
8972660
8040597
5978516
5010852
4490709
297352
9867813
5535428
8053359
1640764
543022
p
8928673
522449
2330347
2944397
7589234
p
3224659
8471388
p
p
5623250
p
p
1742617
155761
9106738
4013311
2700254
p
257885
4163257
5272131
2788393
3056083
5583247
6035373
280755
8789885
p
5776420
3812236
4671752
5029443
5759315
6812971
4503786
8426472
5012607
p
p
5672457
7780323
4716585
7832107
4245864
p
6707857
5484661
5024784
6109044
1060587
4931769
4812805
3396843
p
847147
8843869
4048225
8678304
6159089
5050006
3614322
p
9997051
4542013
p
p
6747520
569069
9413096
1568566
459564
5024536
4433635
p
5970482
595826
6617824
p
4787232
p
6740296
1041402
p
145630
4703920
7286851
6618665
6045525
7511713
5080114
6501651
3596012
4331905
7006515
1156847
1467764
p
6594726
928637
8021360
p
p
7544469
p
7742032
p
1592704
7951297
7495529
8864456
p
9244061
3370952
6137199
9989559
5712965
7235533
3181288
44903
3319542
3103956
p
519603
1135840
9743581
p
7278978
5988988
4224078
489786
1785740
6979173
9471709
p
9214414
p
9359802
1819765
2962552
p
591862
5804846
782378
7825499
7207260
p
4002211
p
827832
7413917
1741919
5073504
5442254
569110
5649047
p
1074222
8764021
8973620
2311192
p
1820209
3428581
3335360
1865593
1811205
3665228
914189
8117468
7071718
6239756
8972433
5639940
p
4002706
475806
6092227
3567337
3924113
864270
12998
4936673
6476774
6324318
9060936
1234375
p
8825370
9860480
4310706
3065382
83361
6547257
p
3597400
2812371
7533394
2548813
71804
6017362
3275584
5533892
p
6244451
3587790
8420474
p
9586718
1691599
9647562
4507850
5807464
p
7271558
p
6127348
2877802
3668995
8180546
7946124
p
1445090
5321480
5403449
p
p
9000122
7179445
6254852
8313290
2665500
4294523
8662727
5697657
p
2716589
4700117
5193273
1807985
6048429
769405
3204958
2281395
5831557
7490896
8942817
p
7167808
3965977
2084533
6117591
3132058
4880167
5907294
p
1117993
1952988
p
4261827
6157383
5392085
264200
1444446
1117751
8153945
8909286
5312882
9252558
6304102
8843847
p
3284114
2936519
4522619
p
9657107
3753488
4674355
3962863
8381149
3705800
p
7279088
6412216
6806983
7036995
5198976
4800327
9293128
p
3786604
4266939
4176170
149588
p
p
6184045
p
p
5051209
847322
4717286
1410409
364680
p
8274879
4473780
5504140
1013209
5143150
1669977
5160530
9812580
7309070
4240883
p
9620455
7179679
3509834
4370064
1126767
193509
1988464
6834992
8346045
3481667
8557441
9597624
8140518
p
2999157
3571487
865384
2713180
172134
1522666
6782953
6360165
359584
2725752
6952818
4495681
2704230
6020058
3257665
5088836
9025785
3999813
7616229
p
1532110
4921089
10505
3916468
2145719
9737681
p
p
7869352
558354
7948971
4963367
1378366
3156164
4798209
8528338
2821632
2188542
p
9809678
2328226
1842866
p
4902861
p
8478421
786365
8207420
6159001
8802871
4114163
9871622
337919
9091032
2065398
9403429
2112692
6148014
1233950
1104436
1580170
p
8744986
p
5200743
1572326
4816132
9760403
809168
4097957
3260320
3190284
4647986
2683798
p
1888556
p
8570862
7078395
7878751
6675078
7464844
8501982
51478
2823888
169201
800146
6071799
5676506
4051522
3593443
3300898
2856173
p
p
1208854
4926768
p
7349030
3048887
4346107
2688473
3610206
231744
7235301
6566066
6486671
7045006
6453728
6098384
3243915
7549739
2054954
8145087
4545996
5956420
p
p
6957999
7313861
8568926
6623469
8499600
p
4859597
p
6503383
3973636
9992020
3534722
4441337
p
2707164
4392084
8051393
p
5626018
1177614
2014472
2283127
4780431
8398059
p
p
6622569
160896
3353305
p
6216435
8159566
3779932
8921248
p
7955220
8239087
7724668
p
7962161
2981182
p
4910003
797288
4758195
4986726
4573568
8861419
585832
p
5220029
2991633
8373068
p
6274607
p
p
p
52981
3494851
7327600
5096007
4068152
2238824
p
8225209
p
3554989
p
38467
7264960
p
p
351489
905689
p
448926
3728470
458470
2763855
8842347
p
8162010
p
6161171
3796080
4356751
850955
5565968
p
6096650
6589338
3495907
580550
7640433
p
3330765
7832085
8455881
p
7597334
p
p
7458152
6562630
6721274
3383183
5107691
5770311
5371397
1481393
p
6981126
1478826
9568620
3600740
739041
9984887
7636388
3705781
p
p
4173939
2535102
8128516
1913113
2133854
p
4037315
4575388
6791601
384590
6700355
3103322
5388417
3683431
4125760
779726
164843
p
8868246
1461511
3390936
9699349
3325349
4467983
90319
2605552
7923445
p
1502234
3868117
4269073
4299650
5227629
1961916
8519922
1652369
p
9842836
276730
6615509
3152472
p
p
7456132
5932707
9728559
p
223063
p
951574
7620446
2617304
3169193
8964807
947967
8800388
4627791
6499632
p
5834570
9851203
9669673
3063130
3352933
4895182
8977855
6467021
700434
6070967
p
6327592
4667037
511307
2325042
307279
8289726
4083379
p
1649879
7668512
p
9953880
9027631
7735773
2642062
5701297
9405632
p
1859592
9632130
9914584
6033125
p
9307149
2443959
397031
8219552
6169356
1928684
7367280
8046372
p
9673702
6846779
1708530
9558972
7043185
9309887
2923214
p
p
9818388
6166727
p
1239738
8613
p
4357950
7965322
8880533
7560397
8721632
3421908
5481851
2209275
9171454
7376059
5462635
p
5253397
8247634
5077350
p
1657068
8379523
5774783
p
8200862
9255307
3429048
6598301
7279123
5216347
7928506
p
1165586
p
49699
6142950
7308436
2226184
p
9630857
294917
9295927
p
588252
9356290
2642341
6428798
3267051
p
530285
p
8268876
p
4630620
129552
8249082
1818891
489170
1553449
4412539
3069709
1191014
477525
6882434
5950531
p
p
7713188
3808190
8678218
2299845
6009214
7981348
808072
8376572
576969
p
p
9897301
7784689
p
2071051
1381017
7740517
2220925
3159715
2925115
1310094
6740905
p
9347766
8849033
p
7613070
8376790
657704
1108442
2436217
3422285
p
1248975
5065542
981682
4348777
4035834
1311160
p
7589748
5798486
9844718
p
1362567
4246457
8017580
428200
7088359
8438875
1706791
4732375
3895569
p
5931542
675921
8363150
6149601
p
3096848
9546535
1052809
1776378
6902814
5155650
2816101
4918391
5208546
7366685
4517338
3114529
p
3744793
7309642
6290514
1897989
2326036
3428507
3935481
271669
4546317
8712460
653154
2853946
7638010
1929875
6562582
9046080
8033593
437925
8624940
8718803
5985399
1260459
3205596
4940902
5390037
9035385
p
3811202
9236768
6454301
p
4867077
2398536
3281077
6136730
811159
p
p
p
544644
2627895
1025214
7767444
p
3045849
5582864
4532517
p
p
6374840
3952608
p
118750
3753373
2779038
1695739
5435641
4921569
p
9547230
9050840
2355113
2552570
2723376
8709741
4348326
p
7127407
351380
6923798
p
1412023
8861806
2821656
p
6495084
6127112
1516699
p
4146399
2352056
1574151
3259424
5335789
1814723
p
p
2854435
5499704
3487529
7698571
4782119
7661464
8055640
6847609
1351511
694118
2121539
7750340
7827853
6392505
6881679
1874350
3907546
2243662
6575276
9110305
4969261
2585107
3379556
1062405
p
4840691
901624
8930643
8551144
9241984
9946920
9903676
5150380
3747392
p
2298936
799078
p
2586798
7204411
190867
6226439
5758115
1540860
9058642
p
3407974
p
1762496
39636
7587967
3587473
691606
p
4375060
6578887
6576278
p
p
9864757
958817
p
2602081
2291692
3299499
9973054
9131364
9070957
9033904
p
8381448
2854366
1975495
1737710
7555701
1062656
2678461
p
4268413
9717828
2368392
1947812
647632
1823666
6218692
p
9575046
1889139
1280563
6022553
1986769
4522354
3361772
4504724
207418
2480635
4686198
8478597
p
9577107
1454112
9707503
64744
6912035
p
4607980
4274949
2460950
p
p
p
1058421
6809477
7211579
9494018
p
p
5214135
9800651
p
8736837
5075857
1184981
8088032
312005
3792003
7273228
p
p
p
p
3174638
8474842
3852656
8925961
5954292
1103864
6880031
p
490384
4173499
6943820
2616983
2556390
1723885
p
p
4311551
4594493
6747482
9520393
p
p
5697316
450629
3180057
2931830
p
5209608
6647657
p
6743300
6957542
2802337
6207904
7720672
3929078
8123857
9897426
4168328
8545684
8841003
1870922
5975074
1827644
2711605
6416607
p
9235591
p
p
p
6405505
p
3016206
65652
1194925
2675134
232459
p
p
p
p
6753512
p
p
2575121
3811688
9020809
1341084
4449645
9755643
1083923
7580867
4558710
2823659
1328656
1545486
129264
2396494
3554434
3577048
713072
p
7774023
4575850
5807239
8444440
p
9136993
4170356
8677179
7434521
p
6376216
1271481
3525000
2281267
3966387
7293497
9924144
3010613
7734877
4739089
9442142
7396892
3397862
p
9886189
1591167
4363578
4328656
p
5553254
827611
8908501
9230488
5157315
8538624
3642059
7950562
4300342
p
2818569
6975390
p
7914801
p
2834077
9318571
1025260
p
501619
8190071
7673230
443412
p
7115626
p
9423862
p
p
3717509
1285880
4702482
2400930
p
2041903
8262147
2223954
68440
9730634
7381292
7087690
2088587
8584409
7850359
9754311
p
p
9424634
p
4095602
4098576
9801725
1160030
7986661
6327929
6261037
p
2523455
4513313
5727826
4498774
2500433
p
875285
9462135
9957502
7323125
3827895
5756997
6601215
2097466
1169619
6653025
p
2430264
p
5991886
7502937
9421573
3167546
9400017
6662454
5955128
8818912
801722
103051
6602190
6149162
7568579
p
155594
681094
p
6763014
2189300
550431
2208469
8251674
7066533
6364828
5263881
7193959
4329438
6424403
2498101
4062144
7383835
1847955
5952808
7746794
3708477
6815494
4285085
5652984
9263576
2514612
p
8245991
4906550
727083
1584102
p
3256767
p
8104115
6485557
2876266
7469573
9027532
3086594
8856455
3754655
1012834
9773139
3707816
p
1723288
2003873
p
1748619
p
6835064
2540794
730343
9216993
2538895
2840137
p
2581022
1816619
3607095
4522581
5794193
8542490
3057523
1114016
6286054
5712116
3819313
p
7344982
6159453
206914
7266619
2148936
p
7821731
9881716
8986241
8219263
p
8112446
9965789
3854515
2990638
7240490
5591637
5787217
3752113
p
8252761
9501074
1401302
5640738
p
8755542
2800216
1536646
5425762
3336858
8670477
3581809
6016803
2122811
3465168
2871893
2513017
p
1255068
8264794
7879585
7964874
1459650
3068647
206060
8483351
6673383
p
6687893
4825735
2673799
6170992
4589202
p
557505
2558943
2270890
5392360
p
8068351
6826519
p
5005478
3482560
p
2439538
8103007
8847016
444921
6690402
p
625621
p
5885597
913692
2896029
7547218
p
5584662
3579686
1223201
8171461
1737424
7709207
3208286
p
4346025
3210883
7534978
8051215
8236194
5104538
2500383
1374245
4065058
2776469
5099386
5950598
7810154
p
7630169
p
1378041
p
9476445
2185874
p
5741224
2083984
9307580
8436969
2698731
3563234
711833
6228106
p
751356
2104015
p
3360594
3233961
7786502
3753245
p
p
2576806
1698973
p
4608175
5094405
9304545
8648566
1353604
5223127
5558416
834776
p
5334794
6073253
7613771
4958667
7683967
6158327
8856562
p
p
2530066
5781297
8941170
8343370
7138785
3811744
40445
1017077
5497067
2030758
1928790
3464149
p
1162921
p
3128869
6954878
6732837
3666476
109817
5194053
8352358
p
p
6687573
860735
6099546
105168
p
5601035
6562935
p
p
8093635
p
5984162
2138435
67230
3296557
p
7112928
5564610
5395084
1670819
8727985
7242361
5703225
9513995
2874361
7197658
5731804
6743721
3689556
7357318
4806589
p
9396620
697392
p
3281489
p
9663071
4847703
p
4991379
2522597
9459866
7779393
220592
4586313
3028649
1382321
1438667
4384678
4539435
9209471
7793546
p
p
222189
p
6964383
179724
4277952
7954193
p
5946991
8689577
9736618
1480069
8944314
6885974
p
8373858
1097629
6250330
p
7226865
7930200
2798550
30143
9645112
9250587
7773965
9644634
8383356
9067225
3452011
p
6008036
p
9792765
p
8150127
7038908
9124350
5163966
9147171
8859013
p
7803543
p
p
9375618
1186561
3049008
2412044
5766673
4458835
6061890
6436815
1602204
p
p
3778146
2892059
p
23191
7850221
8957772
9010548
6923025
2297820
p
p
4659717
1711084
5426430
3739061
153156
6860065
8952667
5509731
2182982
8256461
2411452
p
6312116
6142671
3255777
p
1639106
3622809
4230109
7323992
8967335
p
8162968
2562919
3175298
7739251
4476459
8833093
9856759
5934770
8242066
8500436
1274803
9903837
1529545
4941691
p
8450660
1557703
902511
6798694
p
942099
5030586
6995349
p
p
2997945
1661229
p
8381385
5143559
p
2579034
p
2117931
5087809
7055550
8876132
3202165
6050553
6579257
8820829
p
632927
4592533
4937936
p
2585247
p
1420218
8080168
7597380
9800586
p
p
1314016
2086982
p
8492606
6336286
3226634
p
289623
9818388
p
1103760
p
1854516
4263558
2818358
932875
4440094
6335557
7530285
6271134
6516861
8517467
2629329
8194824
3609069
8156532
p
4228351
7482513
3238127
9439132
4752787
3792455
p
261617
9020145
6122282
9092828
5934262
7907583
p
7964740
7049380
5249342
p
5643276
8818088
7737986
5405189
6854069
p
9558968
p
4825527
9674989
8373095
561764
5874102
p
6249390
2196728
2395671
p
7585019
6576199
9165507
2265618
6533456
5746446
1845987
1459368
251575
5319150
4546086
6981591
3774263
6285335
p
8048963
1545886
p
2806344
7505552
p
1307648
5785580
p
2188563
6850865
6373261
278198
4036365
5871436
p
2895020
7247467
9798036
7297486
1993231
9243719
1790170
1513195
3119237
5598166
4157942
9660403
5046203
p
3064380
8037231
p
334662
9262575
9339066
3481345
6564856
7384698
p
2536159
4705035
732032
717024
6971295
p
p
8468704
3257987
328002
7818376
4714207
624137
870930
p
8135385
8835612
5136137
3998436
3773983
4729806
4632933
5124087
p
7217011
893681
1498182
8659470
4774009
3516175
4720859
8693966
1118295
p
7226646
p
p
3345485
4183165
p
p
6405926
p
5932947
6876258
5708660
3536736
7420929
3034765
p
1807874
2327096
9997811
9885018
p
6427804
p
701737
p
6210636
6407032
4246504
9399534
p
8417884
6598508
2546070
p
p
3878414
7019553
6786174
p
1798113
1127748
p
6835507
1302624
3419120
5788040
3062379
1425172
1943223
1360168
3053462
9972812
2108910
7123460
4948943
1197738
6403489
5826391
3974047
6144337
6060211
3640737
7382102
4691898
9477528
4462337
7896442
7753040
4845344
3661223
858748
9300615
9622780
5893001
4098017
7363807
6054905
9247550
2757863
8427596
4369083
2947500
9071826
3753304
8582143
p
5966155
p
896276
1437573
172677
7183572
p
60853
1069261
2082229
5002272
7674546
4180785
1340628
714799
1370072
1597496
4562235
p
p
1638206
5199372
2034987
p
3159433
5408559
9580299
5678231
p
p
3027527
56856
350348
8008129
7634933
2729573
2904928
7929478
1047127
p
p
5993967
p
4669110
1991908
25208
p
2073202
6373652
3714277
241188
8974044
p
8170447
5060284
3057043
7350243
3662869
6378991
3774584
8687837
9624874
9117996
6453484
2623623
36225
7465883
p
525558
1033325
7397383
9352240
942762
8058181
4976167
6507383
p
5620670
4578339
9208269
p
2075775
7442884
4282400
p
569127
9939905
6622137
p
9308196
2756599
1905756
p
1410053
1422513
8798452
9852556
6185515
8494009
380490
1513575
9791929
2575608
6877407
8797951
7717705
9460328
9542427
8452988
4375218
3970307
35631
8260898
5705361
9896013
2416636
9958100
7932589
9875934
p
5568467
8274559
270835
4955654
741259
5134060
7149720
555857
9408231
2162885
4824801
830213
4825366
5469844
4406485
6764512
2461693
4183262
4209202
7870019
6969282
286307
4532521
p
p
3157766
p
10004
9686262
5724282
6633123
2651029
6250069
6365750
7154872
1716633
754263
9444428
1676503
p
3929963
8882236
2487978
6905788
3211759
1936574
56435
7923889
6565383
p
1860532
8183333
9093857
2759179
3157356
p
3793251
2854397
1528779
5525163
2901984
4063265
6568374
9003478
6975567
7151048
8563076
p
6089293
3036698
9189687
3182515
7257995
7542821
p
2918238
2807205
1212801
9369151
8305337
2507570
2124586
9682854
9552931
p
7542397
391391
6045047
8262325
7208070
8999770
701568
1542024
2640023
8187599
8478974
467300
7525340
8390889
5902775
p
5579928
7628346
5479651
9169714
7951065
9646911
773837
7721917
873527
9693091
4248761
6024028
5955552
315182
8539030
3998517
6578243
p
6865494
p
1043072
p
656979
1009116
p
1212647
4443480
815043
p
9156644
7552724
8731898
5754228
6571418
2031862
5402106
6942716
p
8168437
160095
p
p
6365592
3980471
p
8524083
p
8410120
8865018
p
7640232
570478
4437658
4500478
4590274
9642222
1235370
9615555
9503659
9525336
9787423
5461269
p
3335634
p
9444064
6625488
3398926
7846711
p
5050576
7645889
522747
7830255
9380205
8384241
p
4445387
5076938
5947665
2653624
7511498
9687548
7721877
611667
9638026
p
7767737
2229241
4179970
5597582
p
8925112
2194674
3024626
p
p
p
7159712
8025126
6614022
6948673
5534691
9106821
p
8187552
2821619
6774156
2361731
p
2523063
9263374
p
3382887
p
340528
8826292
6811008
9551806
8450311
1001778
p
1644762
p
8653547
p
386062
7327930
9066920
2546389
1103480
4004017
5514568
7134597
1741027
3842364
p
7797057
8259580
5641460
5739586
2148188
3617280
2142565
p
1761974
1604122
7693315
438326
9126944
8221538
8943896
1486393
3193753
p
583378
6574443
1968607
p
p
6822692
5351142
1657332
7629915
7105099
8795298
5899710
8647652
356858
5229964
3600229
p
941123
4864332
p
8031113
2092889
2714480
4094840
6132037
6176382
3077494
6612736
5450283
p
p
p
8719025
9907950
6093359
4369017
2710240
7320610
5849535
1495905
14840
4388955
5812756
2153757
4309060
p
7200401
4233752
610390
5763579
p
7688708
3615795
1076998
p
167413
p
8047419
7225864
3864933
8990100
203328
p
9448658
p
799165
2897866
3121841
5659963
134921
6265228
8666775
5405977
9910381
694989
8094532
7720054
8698568
5797149
5176148
2127232
6714112
1709096
p
p
810252
986836
7144142
904335
2482156
p
p
4908419
p
7518240
2755504
7412623
p
p
8668546
3477533
4664273
7436517
p
6313698
8047941
2811059
7283602
6405850
6291198
4660119
629441
5358236
851499
7341777
5203262
9706945
8352402
8846184
1678680
2177952
5954108
1114693
4819567
1204404
9499573
7126936
704219
5985755
1744835
5561976
7405156
2372502
892985
8639756
9467489
2493697
2941176
p
p
9269852
3635128
9951575
2460527
3962827
3821408
p
p
4128559
p
1335789
363058
9260123
2440963
5742432
7568469
4105430
p
p
p
3993979
7727809
3772616
6737719
3545857
7826337
8232037
93381
1573584
5649151
5019158
3672100
7420957
4299735
8389077
2187491
6885031
p
8492761
3666849
9011770
p
p
2101715
5623158
8334812
1853350
3802920
6160977
6159638
2033119
6386621
9933120
7657578
9223335
6518089
6759572
2862510
7173274
p
120805
8068729
p
p
2524356
9407313
5529681
5433161
3679144
3232072
7038879
5567829
4388892
p
7855613
6173210
5433738
4837149
2571787
4021497
8293142
3511062
4873259
2623326
6176352
4108884
7272557
3388075
2654066
4884188
4383756
19505
p
p
5314294
p
5145583
701994
3529667
4921992
8303019
7765074
8311748
2104641
5960468
5174922
7106233
p
p
7671981
6789456
8834179
8842521
4834656
p
626797
4898515
3620640
512123
2971944
9149341
444608
7741974
7099858
p
3151655
2829123
p
4447551
p
3277058
p
p
p
7141262
p
p
3229234
