2128358
1397562
5157694
7426924
3700229
9155881
3599763
3556520
8603716
7119875
4769185
9254368
6425276
6335457
3818026
5566443
5435220
2252327
p
7147808
2049626
p
9922522
1152238
9040748
3079969
7919695
3652630
4980256
1774541
p
2610734
8710612
5283558
9318749
3935452
5309908
3571052
9237884
p
9404861
1157363
3348330
9222503
2178405
468623
9681930
p
4869886
6941817
6018642
38854
p
202308
7168821
p
5372393
2506070
p
9220778
7601592
7060957
9886111
2052100
9973174
p
1696004
561023
7242053
1422665
6801330
1574770
107814
1364197
9788051
6799841
683355
2161772
6237514
6129922
3199931
9393684
3110596
5410151
3389219
975030
1675203
8243710
p
2905412
29889
8131377
1998961
6170170
5348033
5146132
4163221
1225834
2317492
4392533
