7576565
5609678
155479
4361433
7585768
p
4547141
5669423
6599296
8163625
4205698
2597063
641127
9115977
6811029
9781103
7694758
5533572
8360570
p
p
6877291
5277223
7362155
4376253
4539269
4375559
6432691
1810175
2214268
8912134
570203
2774786
3061472
4262888
482587
1522190
6093715
p
2089110
p
8882270
7723840
2632320
7594033
2557816
p
p
8178187
2431065
665749
4177495
38533
158180
806956
5004314
9153061
8599498
6256041
885070
4174700
5047918
p
p
1299234
9564773
p
3994422
9660617
p
137206
p
9806331
8431380
4065020
9302333
p
2222553
p
9410995
9807809
949458
p
6582101
7534847
1145619
5689001
p
6731587
6665672
6737313
2313531
p
p
p
8529048
p
p
2994579
1785939
9100888
1033870
886481
6316600
9270241
9966516
737930
6264433
8022478
2899784
9975273
4437853
p
1307700
p
6187128
8658825
782385
2849092
p
3987844
5477922
p
821317
5950956
3272055
4254021
3206466
3060499
7524943
p
p
4802149
9605931
p
9936907
2153773
5056730
6860744
9478431
5171602
8588011
4151016
9258683
1485058
7282862
6718270
8702097
p
6080201
9806842
6249308
4302377
3263752
7502168
3652851
4003676
4838856
1114036
4325970
p
p
3524033
7304165
197179
605606
6760553
878605
8107775
8541846
p
6132897
2029482
9256396
837554
6447004
1654314
8109169
p
4636373
8863460
700180
5568121
1532687
3292628
88851
4433392
7781973
8856916
p
4581638
417979
p
7591393
3602226
1156444
7408715
p
1710322
3843202
5631099
1905165
5849494
448280
9363106
9379896
p
p
1079287
9340068
3315382
85213
5777220
1738575
7386918
p
4012947
3871172
3062070
4797030
6828912
4676748
1555396
2272816
4696943
5448902
884486
5327822
p
749850
1718744
2587884
p
2970845
4478055
p
4035170
p
5681776
2222558
3935140
1877980
4684428
1313223
2125258
p
3710805
5682653
p
1421771
2141657
8073075
6486762
3974522
1597676
6974628
7480094
3164643
78001
6621161
4470515
1707776
68326
2629279
5503957
4406942
9125416
7185031
4315808
6914556
1908179
1989096
7741249
2269910
4524451
p
p
7728764
5705581
5543447
4896157
226727
3737044
7085396
8943654
1540256
8273267
3836289
7944598
2363344
p
p
7453716
p
2417903
p
4898696
7036427
1360216
7132472
6006701
8662203
2810368
4207691
4599189
885545
7525967
9276896
p
8331434
p
p
7491845
7849332
8996802
9481223
p
9625896
p
6951425
8549161
1698216
9352896
2148078
6594845
3269578
7196570
9353464
1094095
p
p
568757
7942017
7332517
7712874
3051333
380032
p
5727422
678467
833851
650237
1974330
p
1181876
5932286
4873722
5957432
9174136
6095053
5603579
3929083
6907934
4840488
4515100
5362907
195973
6714304
6950885
9180638
5700719
8333405
6816366
841932
6876336
5407645
p
9744626
5182015
254998
6928545
7596025
p
9894924
8390169
7449440
2345506
7641798
3535968
9798265
4279345
5597324
6568971
9315436
5840476
2269406
4543491
4664987
813889
1840420
p
3472934
7063016
2548472
971059
4369328
834299
8925327
p
p
5289343
8242692
3022638
2091531
4450601
6673572
8510309
p
8562657
1127423
p
7487911
1924749
6608429
5752822
379825
7483840
p
8202587
9937596
p
8554536
5106277
360301
739355
8989940
3843038
p
2409540
6725099
5825179
2848088
840601
1485453
4148137
5520547
8872237
361543
4898313
2829434
1693647
669710
6369686
8138326
5466824
4333480
p
1561669
1543692
7435998
9971561
2808334
3470029
1916644
5455593
5454004
6243340
413576
8931024
7942078
730578
839203
2509512
9429883
1210181
5407867
9874895
7940817
2665421
86398
1721687
7864245
6646632
8470835
4498116
8267360
654506
p
3201877
4539478
5475534
3840628
842993
6748608
6637835
9792113
5879738
5270831
p
3391679
6705631
5490120
9630446
383227
4712432
6318679
3511236
8278400
3841955
8187101
8475934
6123278
3667602
398389
9030840
2819580
9722046
p
1990608
p
6738398
1529282
3659415
6460024
p
p
p
9760304
p
199271
3826074
1018294
9724897
70040
9641642
p
p
4827432
3976629
1226391
958899
6630806
2404440
7624905
3125199
2885290
1291468
5701491
8408762
p
p
p
7705066
6164515
p
p
5099703
5653131
8674734
p
1670085
1451219
2649712
6998556
1231990
p
p
7624141
4145824
4844101
3696320
p
9821058
5803810
2481920
2086421
6254326
3206877
6073140
2766494
9918659
946202
1456941
3411547
7451703
8610481
9509851
7182196
p
7864758
p
4517533
5850218
8897979
5148201
446626
5768699
2520215
4374347
1790544
p
7228152
p
9815788
3712183
5911485
5807563
6223262
p
7674987
90463
1646296
p
7205250
8390577
p
1256218
5512332
1129729
5133828
p
8882065
3514255
5627225
p
9333398
1407704
p
1686209
3601612
9965722
1692720
8421711
p
6379003
8637543
973457
p
4575019
9730384
5248441
2283045
7960845
8079745
8268779
911297
9196969
3469531
991484
2929387
7785801
p
7905726
1833864
5897771
1072985
751555
p
p
9537413
4873600
3318347
4065970
9480039
7647594
9303788
2505757
6602198
2862551
2977401
p
2909630
3950370
1808390
1258827
2777161
3855951
5547855
9566013
6338398
4874353
2969239
7944099
7853883
8677423
3028818
3873879
6832039
4623516
6493823
1467698
p
1922526
383493
2274380
6745478
6720556
5663774
p
1223860
7819183
3786793
5842289
8778528
7475224
1213937
4270003
p
3445186
3118572
3859391
2382084
p
181514
5827426
1075920
6882503
7168227
263613
3007174
p
7679175
5488552
1206
p
336726
2567731
2727668
4905093
2308289
p
4579561
1996103
p
4501008
8102587
9071641
2607048
5541769
p
5970323
4426850
p
1358969
660232
p
7388853
7646549
807386
2064229
6835492
p
5042502
2934896
8016714
6558024
1790905
6299492
7894090
p
5025520
6146548
3098276
1089170
1961729
2962418
4273928
1787862
298512
p
799912
19689
5031062
8872410
2592012
8600614
2596004
2586831
p
8106924
2890445
6741311
3587594
485662
7594347
9155535
p
2518933
3612373
5809185
p
7614376
3424104
8488603
3809689
5515002
p
1936448
3809670
9373728
6509241
8417086
p
1420114
5380862
p
2920074
7619624
p
8681232
8498131
5831409
p
8033547
8620804
8070774
3368278
8946256
7136467
5221525
1554895
8333511
3427533
4156829
8238446
7899921
3348365
8904031
2205752
4610581
401042
p
p
9576850
9450596
2583097
3960365
8961484
7325279
p
3513773
9151397
5682558
p
3294282
p
p
5387254
1218424
p
6756025
p
5089860
p
p
5848802
9302096
1472667
524444
9115197
2857799
983719
291308
3677380
8426059
5174881
7976656
9151219
5621381
3803165
35337
4072989
2246954
9548959
4390384
5098666
8576751
7223808
3557586
p
6724699
8914932
p
2842408
8549368
9438815
1779896
9174906
7443687
7653232
6510620
2977784
p
8881755
2177740
p
p
p
504136
5232462
938297
p
1749712
3613625
6489917
1661142
1723705
p
5776516
3943303
p
3906821
6926297
9096724
2216666
p
4280209
535215
1558836
311431
p
667448
4351984
3216077
6758140
1742306
8695448
p
7802294
5088683
5806551
6581437
2378295
8888274
5446119
18233
p
2989908
4937974
446269
8423679
5759563
110100
p
2209475
p
p
1880453
5192991
6328430
6456817
7945236
2335192
p
9419099
p
p
9968399
7402050
p
4754010
9268078
6316812
5226261
9369042
5308356
p
p
6955813
7962639
7589207
p
9081912
2506250
8524466
3439480
8395881
593512
2989081
6136284
2906045
1336995
8996305
6390270
4782203
4674948
9784231
3630363
3485535
7060172
3208849
5950889
8740010
3933264
5129544
p
9127901
8040915
9498299
2446547
p
6298820
334815
p
5099226
8801098
976091
7140022
3583804
1514778
